0.00029587745666503906 0.015921
0.00019311904907226562 0.017129
0.0002665519714355469 0.018427
0.0002665519714355469 0.019205
0.00026726722717285156 0.020237
0.0002732276916503906 0.020357
0.00026917457580566406 0.020444
0.0002684593200683594 0.020664
0.0002753734588623047 0.021107
0.0002720355987548828 0.021036
0.000270843505859375 0.021409
0.0002689361572265625 0.021518
0.00027060508728027344 0.021514
0.00026297569274902344 0.021601
0.00027441978454589844 0.021493
0.00028228759765625 0.021536
0.00019979476928710938 0.021687
0.00021338462829589844 0.021683
0.00026154518127441406 0.021537
0.0002627372741699219 0.021600
0.0002772808074951172 0.021586
0.00027108192443847656 0.021556
0.0002713203430175781 0.021447
0.000274658203125 0.021512
0.0002970695495605469 0.021522
0.0002765655517578125 0.021474
0.000324249267578125 0.021452
0.00026345252990722656 0.021607
0.00026726722717285156 0.021444
0.0002651214599609375 0.021568
0.00026869773864746094 0.021550
0.0002849102020263672 0.021786
0.02120184898376465 0.001409
0.0002620220184326172 0.021823
0.0002853870391845703 0.021893
0.00027632713317871094 0.021838
0.02205061912536621 0.000598
0.00029754638671875 0.021855
0.0002789497375488281 0.021905
0.00027561187744140625 0.021904
0.0002684593200683594 0.021937
0.0002751350402832031 0.021793
0.00031447410583496094 0.021817
0.0002484321594238281 0.021907
0.00024819374084472656 0.021987
0.00026035308837890625 0.021896
0.00025272369384765625 0.021932
0.00025963783264160156 0.021915
0.00028061866760253906 0.021785
0.00027680397033691406 0.021834
0.00024437904357910156 0.021930
0.0002257823944091797 0.021900
0.0002772808074951172 0.021923
0.0003209114074707031 0.021830
0.0002613067626953125 0.021906
0.00027632713317871094 0.021929
0.0002684593200683594 0.021884
0.0002689361572265625 0.021962
0.00026345252990722656 0.021968
0.0002720355987548828 0.021891
0.00019240379333496094 0.021958
0.0002963542938232422 0.021811
0.0002684593200683594 0.021987
0.00028228759765625 0.021850
0.00026726722717285156 0.021883
0.00029206275939941406 0.021893
0.022196054458618164 0.000417
0.0002841949462890625 0.021917
0.0002486705780029297 0.021961
0.0002353191375732422 0.021928
0.0002868175506591797 0.021965
0.0002524852752685547 0.021934
0.000240325927734375 0.021931
0.0002741813659667969 0.021851
0.022196292877197266 0.000293
0.00028014183044433594 0.021901
0.00018334388732910156 0.021968
0.000270843505859375 0.021914
0.0002586841583251953 0.021826
0.00029397010803222656 0.021767
0.0002589225769042969 0.021856
0.00028252601623535156 0.021871
0.0002384185791015625 0.021948
0.00029969215393066406 0.021879
0.00027680397033691406 0.021772
0.00028443336486816406 0.021831
0.00030350685119628906 0.021918
0.0002410411834716797 0.021884
0.0002627372741699219 0.021854
0.00025582313537597656 0.021790
0.0002491474151611328 0.021929
0.00023603439331054688 0.021914
0.0002808570861816406 0.021873
0.00023937225341796875 0.021877
0.000301361083984375 0.021950
0.00025916099548339844 0.021995
0.00014781951904296875 0.022030
0.0002589225769042969 0.021893
0.00024056434631347656 0.021889
0.0002522468566894531 0.021870
0.0002567768096923828 0.021819
0.00026535987854003906 0.021980
0.0002429485321044922 0.021888
0.0002522468566894531 0.021927
0.00028133392333984375 0.021856
0.0002472400665283203 0.021919
0.0002689361572265625 0.021892
0.0002493858337402344 0.021884
0.0002808570861816406 0.021889
0.0002665519714355469 0.021792
0.00027632713317871094 0.021751
0.00036334991455078125 0.021967
0.00026416778564453125 0.021826
0.000274658203125 0.021966
0.00024175643920898438 0.021945
0.00025773048400878906 0.021869
0.00023555755615234375 0.021931
0.00026154518127441406 0.021986
0.0002791881561279297 0.021804
0.0002181529998779297 0.021863
0.0002391338348388672 0.021972
0.00025773048400878906 0.021980
0.00017952919006347656 0.021989
0.0002593994140625 0.021808
0.0002124309539794922 0.021831
0.0002682209014892578 0.021874
0.00027561187744140625 0.021953
0.00025725364685058594 0.021878
0.0002617835998535156 0.021936
0.00026488304138183594 0.021836
0.0002665519714355469 0.021832
0.00027108192443847656 0.021793
0.0002636909484863281 0.021960
0.00025963783264160156 0.021883
0.00026345252990722656 0.021926
0.0002579689025878906 0.021918
0.00032138824462890625 0.021972
0.00025725364685058594 0.021859
0.00028514862060546875 0.021905
0.0002551078796386719 0.021784
0.00026607513427734375 0.021819
0.00029754638671875 0.021888
0.00023698806762695312 0.021979
0.00027561187744140625 0.021934
0.0002257823944091797 0.021947
0.00026345252990722656 0.021899
0.0002522468566894531 0.022028
0.00023698806762695312 0.021968
0.00026869773864746094 0.021942
0.0002567768096923828 0.021855
0.00027489662170410156 0.021821
0.000232696533203125 0.022004
0.00020265579223632812 0.021912
0.00025391578674316406 0.020542
0.0002503395080566406 0.020183
0.000232696533203125 0.020441
0.00025725364685058594 0.021254
0.000255584716796875 0.021066
0.0002598762512207031 0.020652
0.0003540515899658203 0.020521
0.00025463104248046875 0.021378
0.0002548694610595703 0.021891
0.0002491474151611328 0.021343
0.0002980232238769531 0.020767
0.00025343894958496094 0.020572
0.0002589225769042969 0.020755
0.0002586841583251953 0.021764
0.0002512931823730469 0.022302
0.00023555755615234375 0.022499
0.0002582073211669922 0.022424
0.0002510547637939453 0.022500
0.0002598762512207031 0.022394
0.00025534629821777344 0.022484
0.000278472900390625 0.022514
0.00022339820861816406 0.022344
0.0002472400665283203 0.022384
0.00022792816162109375 0.022384
0.0002601146697998047 0.022239
0.00022363662719726562 0.022425
0.0002434253692626953 0.022414
0.0002601146697998047 0.022235
0.0002467632293701172 0.022253
0.0002617835998535156 0.022381
0.0002579689025878906 0.022300
0.00024175643920898438 0.022346
0.00023293495178222656 0.022197
0.00025081634521484375 0.022204
0.0002548694610595703 0.022268
0.00025963783264160156 0.022166
0.0002512931823730469 0.022161
0.0002357959747314453 0.022225
0.0002627372741699219 0.022114
0.000186920166015625 0.022227
0.00024580955505371094 0.022115
0.00024390220642089844 0.022099
0.00026226043701171875 0.022128
0.00024890899658203125 0.022349
0.00023603439331054688 0.022354
0.0002624988555908203 0.022330
0.0002429485321044922 0.022492
0.00025582313537597656 0.022322
0.0002734661102294922 0.022345
0.0002467632293701172 0.022373
0.0002200603485107422 0.022417
0.000217437744140625 0.022465
0.0003154277801513672 0.022407
0.00020456314086914062 0.022400
0.00025653839111328125 0.022245
0.00022530555725097656 0.022363
0.00023412704467773438 0.022343
0.00025582313537597656 0.022318
0.00023937225341796875 0.022388
0.00022745132446289062 0.021819
0.0002589225769042969 0.020457
0.0027904510498046875 0.016316
0.00024962425231933594 0.019065
0.0002510547637939453 0.018428
0.00022673606872558594 0.017344
0.00019168853759765625 0.017138
0.00024080276489257812 0.017039
0.00504612922668457 0.012328
0.0002231597900390625 0.017376
0.00020241737365722656 0.018049
0.011385202407836914 0.007075
0.00021386146545410156 0.017942
0.007405281066894531 0.010732
0.00022649765014648438 0.017922
0.00021457672119140625 0.018013
0.00017118453979492188 0.018010
0.010377645492553711 0.007679
0.00017881393432617188 0.017958
0.0002067089080810547 0.017642
0.00020432472229003906 0.017776
0.00021791458129882812 0.017563
0.0001938343048095703 0.017579
0.00023746490478515625 0.018474
0.0002808570861816406 0.019079
0.00016641616821289062 0.021024
0.00023818016052246094 0.021732
0.011791229248046875 0.010226
0.0002231597900390625 0.021978
0.00012564659118652344 0.022042
0.00020694732666015625 0.021441
0.00021195411682128906 0.021227
0.00017189979553222656 0.020960
0.00023055076599121094 0.020844
0.00021958351135253906 0.020941
0.0001919269561767578 0.021018
0.015420675277709961 0.005868
0.000217437744140625 0.021011
0.00021958351135253906 0.020993
0.000213623046875 0.021015
0.01599717140197754 0.005352
0.0002155303955078125 0.021007
0.0002377033233642578 0.021021
0.015613079071044922 0.005645
0.0002334117889404297 0.020970
0.0001983642578125 0.020972
0.00019979476928710938 0.020956
0.0001857280731201172 0.020916
0.00018548965454101562 0.020938
0.00021600723266601562 0.020839
0.00020623207092285156 0.020867
0.01822829246520996 0.002870
0.00022745132446289062 0.020880
0.00022530555725097656 0.020789
0.00023126602172851562 0.020836
0.00020194053649902344 0.020788
0.0002040863037109375 0.020805
0.00020313262939453125 0.020853
0.00022220611572265625 0.020812
0.00021266937255859375 0.020813
0.00020313262939453125 0.020791
0.01794266700744629 0.003125
0.00016641616821289062 0.020865
0.0008800029754638672 0.020181
0.00020551681518554688 0.020724
0.0001842975616455078 0.020794
0.0002484321594238281 0.020819
0.00021409988403320312 0.020586
0.01987481117248535 0.000543
0.00021600723266601562 0.019345
0.00024771690368652344 0.018865
0.0002465248107910156 0.018776
0.00024700164794921875 0.018714
0.0002262592315673828 0.018907
0.0002288818359375 0.019035
0.00022840499877929688 0.019410
0.00022482872009277344 0.020015
0.0002338886260986328 0.021072
0.00043702125549316406 0.021126
0.00020170211791992188 0.020978
0.00024366378784179688 0.021082
0.00025463104248046875 0.022212
0.00022673606872558594 0.022232
0.0002155303955078125 0.022332
0.0002543926239013672 0.022221
0.00021076202392578125 0.022344
0.0002627372741699219 0.022247
0.0002701282501220703 0.022274
0.0002334117889404297 0.022520
0.00020647048950195312 0.022380
0.0002162456512451172 0.022398
0.0002048015594482422 0.022371
0.00022673606872558594 0.022256
0.00022983551025390625 0.022257
0.00022673606872558594 0.022267
0.0002257823944091797 0.022400
0.00022864341735839844 0.022329
0.00021266937255859375 0.022422
0.00021791458129882812 0.022393
0.00022363662719726562 0.044392
0.011310338973999023 0.011349
0.0002455711364746094 0.022301
0.00022792816162109375 0.022200
0.0002257823944091797 0.022232
0.00026726722717285156 0.022313
0.00020003318786621094 0.022279
0.00020742416381835938 0.022295
0.00023055076599121094 0.022213
0.00020647048950195312 0.022086
0.0002009868621826172 0.021840
0.00019168853759765625 0.021741
0.0001823902130126953 0.021613
0.0001900196075439453 0.021207
0.00017833709716796875 0.020731
0.0001914501190185547 0.020750
0.00018525123596191406 0.020569
0.00018072128295898438 0.020471
0.00021576881408691406 0.020307
0.00017452239990234375 0.020187
0.0002002716064453125 0.020597
0.014806747436523438 0.006381
0.00012564659118652344 0.021426
0.00020599365234375 0.021312
0.0002281665802001953 0.021094
0.00019884109497070312 0.020653
0.00019240379333496094 0.020812
0.0001983642578125 0.021283
0.0001995563507080078 0.021689
0.00018858909606933594 0.021589
0.0002605915069580078 0.021687
0.021890640258789062 0.000287
0.00022864341735839844 0.021143
0.0002117156982421875 0.021168
0.00011587142944335938 0.021424
0.00019216537475585938 0.021167
0.0001895427703857422 0.021307
0.00020051002502441406 0.021339
0.00020837783813476562 0.020970
0.00020837783813476562 0.021194
0.0001933574676513672 0.021501
0.00019812583923339844 0.021701
0.00019598007202148438 0.021623
0.00018310546875 0.021413
0.00018835067749023438 0.021361
0.0001766681671142578 0.021415
0.0001838207244873047 0.021441
0.0001838207244873047 0.021624
0.00021576881408691406 0.021726
0.021867752075195312 0.000505
0.0002548694610595703 0.021704
0.00015592575073242188 0.021748
0.00020122528076171875 0.021737
0.00017023086547851562 0.021786
0.00015854835510253906 0.021692
0.00022792816162109375 0.021753
0.00018215179443359375 0.021793
0.00017023086547851562 0.021777
0.00011277198791503906 0.021726
0.00017189979553222656 0.021533
0.00019216537475585938 0.021502
0.00018978118896484375 0.021270
0.00021028518676757812 0.021375
0.017920970916748047 0.003596
0.00021409988403320312 0.021700
0.00017213821411132812 0.021927
0.0001633167266845703 0.021890
0.021870136260986328 0.000193
0.0001785755157470703 0.021378
0.021484851837158203 0.000408
0.0002033710479736328 0.021243
0.00020694732666015625 0.021275
0.00017833709716796875 0.021646
0.00017380714416503906 0.021932
0.00016880035400390625 0.022162
0.0001938343048095703 0.021975
0.02223062515258789 0.000535
0.00018739700317382812 0.022085
0.0001747608184814453 0.022007
0.00017595291137695312 0.021953
0.00016546249389648438 0.022043
0.0001742839813232422 0.021808
0.00017881393432617188 0.021809
0.0001659393310546875 0.020940
0.0001919269561767578 0.020947
0.020011186599731445 0.000734
0.00019359588623046875 0.020252
0.00017380714416503906 0.020247
0.0002105236053466797 0.020114
0.0002295970916748047 0.020014
0.0002651214599609375 0.019904
0.00014543533325195312 0.020171
0.0002086162567138672 0.020338
0.00022602081298828125 0.020744
0.0002257823944091797 0.020894
0.00021338462829589844 0.021636
0.00022363662719726562 0.021647
0.00020456314086914062 0.022252
0.00019431114196777344 0.022146
0.0002086162567138672 0.021631
0.00020575523376464844 0.021518
0.00022149085998535156 0.021467
0.00019812583923339844 0.021841
0.00019550323486328125 0.021846
0.00022745132446289062 0.021413
0.00014209747314453125 0.021477
0.000179290771484375 0.021407
0.0002143383026123047 0.021664
0.00022721290588378906 0.022276
0.00017642974853515625 0.022319
0.00020837783813476562 0.022445
0.0001323223114013672 0.022562
0.0001919269561767578 0.022483
0.0001933574676513672 0.022371
0.0002551078796386719 0.021915
0.00020956993103027344 0.021862
0.00018978118896484375 0.021925
0.00018835067749023438 0.021292
0.0001900196075439453 0.021631
0.0001857280731201172 0.021493
0.00019025802612304688 0.021379
0.00021219253540039062 0.021144
0.00020051002502441406 0.021557
0.0002269744873046875 0.021435
0.0001990795135498047 0.021518
0.0002117156982421875 0.021656
0.00021076202392578125 0.021574
0.00021505355834960938 0.021546
0.0002040863037109375 0.021525
0.00022649765014648438 0.021914
0.00022125244140625 0.022440
0.00021004676818847656 0.022790
0.00022745132446289062 0.022806
0.0002200603485107422 0.022797
0.0001888275146484375 0.022937
0.0001881122589111328 0.022979
0.00026488304138183594 0.023074
0.0002110004425048828 0.023076
0.00022912025451660156 0.022722
0.02273726463317871 0.000274
0.00013065338134765625 0.022366
0.00018739700317382812 0.022193
0.000213623046875 0.022169
0.0002071857452392578 0.022189
0.0002186298370361328 0.022088
0.00019621849060058594 0.022188
0.00021648406982421875 0.022044
0.00020241737365722656 0.022146
0.00019693374633789062 0.022092
0.00020384788513183594 0.022112
0.0002288818359375 0.021994
0.00019741058349609375 0.022116
0.0002446174621582031 0.021977
0.0002536773681640625 0.022085
0.00020575523376464844 0.022071
0.00020432472229003906 0.022020
0.00019979476928710938 0.021982
0.00021600723266601562 0.022085
0.0002110004425048828 0.021993
0.00019812583923339844 0.022069
0.0002117156982421875 0.021964
0.00020599365234375 0.022063
0.00018167495727539062 0.022054
0.0001888275146484375 0.022107
0.0001926422119140625 0.022079
0.0001811981201171875 0.022127
0.00023412704467773438 0.022087
0.00022840499877929688 0.022114
0.00020194053649902344 0.022044
0.0002391338348388672 0.021988
0.0001895427703857422 0.022039
0.00018405914306640625 0.022038
0.0002148151397705078 0.022109
0.00019979476928710938 0.021982
0.000186920166015625 0.022007
0.00021338462829589844 0.022039
0.00011181831359863281 0.022131
0.00019359588623046875 0.022088
0.00021386146545410156 0.021965
0.0002162456512451172 0.021951
0.0002651214599609375 0.021960
0.00030231475830078125 0.021990
0.0002048015594482422 0.021958
0.0002117156982421875 0.022012
0.0002162456512451172 0.022024
0.00021266937255859375 0.022050
0.00019311904907226562 0.022040
0.0002167224884033203 0.022077
0.00019598007202148438 0.022121
0.0001823902130126953 0.021994
0.00018858909606933594 0.021964
0.00020694732666015625 0.021946
0.00020551681518554688 0.021906
0.00022745132446289062 0.022025
0.00021266937255859375 0.021987
0.00021982192993164062 0.021976
0.00018978118896484375 0.022060
0.0001838207244873047 0.022064
0.00024271011352539062 0.022117
0.00017333030700683594 0.022065
0.02223491668701172 0.000494
0.0001976490020751953 0.022079
0.00016117095947265625 0.022073
0.00022101402282714844 0.021982
0.00020647048950195312 0.021993
0.00021028518676757812 0.022029
0.00025153160095214844 0.022098
0.00019168853759765625 0.022055
0.00021004676818847656 0.022050
0.005731105804443359 0.016602
0.00022459030151367188 0.022047
0.00018167495727539062 0.022081
0.0001926422119140625 0.022082
0.0001876354217529297 0.022041
0.00027108192443847656 0.022110
0.02224898338317871 0.000437
0.00022101402282714844 0.022133
0.00017714500427246094 0.022052
0.00019431114196777344 0.022027
0.0001780986785888672 0.022071
0.00022673606872558594 0.021928
0.00021910667419433594 0.021995
0.0002067089080810547 0.022031
0.00012922286987304688 0.022154
0.00019311904907226562 0.022066
0.00022673606872558594 0.022003
0.000179290771484375 0.022058
0.00022411346435546875 0.021967
0.00025343894958496094 0.022143
0.00020694732666015625 0.022118
0.00017213821411132812 0.022140
0.00018548965454101562 0.022028
0.00017833709716796875 0.022065
0.00017499923706054688 0.022044
0.022248268127441406 0.000534
0.0002079010009765625 0.021950
0.00020170211791992188 0.021938
0.00017905235290527344 0.022048
0.00020647048950195312 0.021968
0.00019049644470214844 0.022069
0.00021147727966308594 0.021999
0.0002040863037109375 0.021962
0.0001995563507080078 0.022092
0.0001838207244873047 0.022052
0.00019431114196777344 0.022064
0.00019550323486328125 0.021975
0.00019741058349609375 0.022043
0.02225327491760254 0.000410
0.0001442432403564453 0.022136
0.0002110004425048828 0.022109
0.00014281272888183594 0.022083
0.00018167495727539062 0.022112
0.00019288063049316406 0.022195
0.0001418590545654297 0.022153
0.00018167495727539062 0.022125
0.0002269744873046875 0.022098
0.00017905235290527344 0.022115
0.0001671314239501953 0.022128
0.00019431114196777344 0.022028
0.00022077560424804688 0.022155
0.0002422332763671875 0.022079
0.004388332366943359 0.017912
0.0002079010009765625 0.022024
0.0002048015594482422 0.021997
0.0001990795135498047 0.022084
0.00016832351684570312 0.022078
0.0002143383026123047 0.021984
0.00017309188842773438 0.022115
0.00020194053649902344 0.022061
0.022487640380859375 0.000322
0.00017380714416503906 0.022092
0.00019121170043945312 0.021962
0.0001704692840576172 0.022060
7.581710815429688e-05 0.022154
0.00027942657470703125 0.022100
0.00018525123596191406 0.022063
0.00019502639770507812 0.021943
0.00018286705017089844 0.022174
0.00019860267639160156 0.022015
0.0001919269561767578 0.022097
0.0001690387725830078 0.022111
0.0002124309539794922 0.021998
0.00018167495727539062 0.022003
0.000225067138671875 0.022156
0.00021266937255859375 0.021995
7.891654968261719e-05 0.022198
0.00018906593322753906 0.022072
0.00016760826110839844 0.034310
0.00017571449279785156 0.022146
0.00018596649169921875 0.022011
0.0002505779266357422 0.022149
0.0002110004425048828 0.022003
0.00012540817260742188 0.022095
0.00019884109497070312 0.022089
0.00019741058349609375 0.022062
0.00017690658569335938 0.021971
0.00018906593322753906 0.022088
0.0001914501190185547 0.022108
0.00017142295837402344 0.022101
0.00019168853759765625 0.022076
0.00020313262939453125 0.022102
0.00018835067749023438 0.021997
0.00019097328186035156 0.022105
0.00018835067749023438 0.022035
0.00020074844360351562 0.021997
0.00018358230590820312 0.022067
0.0003027915954589844 0.022115
0.0001838207244873047 0.022048
0.0001747608184814453 0.022064
0.02232193946838379 0.000267
0.00020384788513183594 0.022105
0.0001819133758544922 0.021988
0.00018215179443359375 0.022015
0.022220611572265625 0.000219
0.00018644332885742188 0.021950
0.00022172927856445312 0.021982
0.022234201431274414 0.000383
0.00018715858459472656 0.021965
0.00017547607421875 0.022006
0.00022482872009277344 0.021909
0.00019288063049316406 0.021992
0.00016832351684570312 0.022042
0.00013637542724609375 0.022030
0.0001876354217529297 0.021989
0.0002090930938720703 0.021991
0.0002143383026123047 0.022038
0.022206783294677734 0.000409
0.00019407272338867188 0.021946
0.0001785755157470703 0.021884
0.0001800060272216797 0.021964
0.0001690387725830078 0.021956
0.00019788742065429688 0.021876
0.0002040863037109375 0.021869
0.0001838207244873047 0.021861
0.0001761913299560547 0.022046
0.0001285076141357422 0.022005
0.0001308917999267578 0.022018
0.0001423358917236328 0.022027
0.00010013580322265625 0.022069
0.00013637542724609375 0.022026
0.00016736984252929688 0.021991
0.0001475811004638672 0.021999
0.00014472007751464844 0.021994
0.0001575946807861328 0.022008
0.0001628398895263672 0.022003
0.00018072128295898438 0.021870
0.00018286705017089844 0.021864
0.00017881393432617188 0.021899
0.0001723766326904297 0.021963
0.0001246929168701172 0.021978
0.00021648406982421875 0.021989
0.0001575946807861328 0.021985
0.022188663482666016 0.000256
0.00010204315185546875 0.022088
0.022256851196289062 0.000277
0.00014328956604003906 0.021987
0.00016188621520996094 0.022021
0.0001552104949951172 0.021988
0.0001780986785888672 0.021974
0.00016498565673828125 0.021968
0.00014090538024902344 0.022024
0.00014972686767578125 0.021982
0.00019025802612304688 0.022002
0.00018358230590820312 0.021871
0.00016617774963378906 0.022058
0.00014972686767578125 0.022028
0.00014066696166992188 0.022045
0.00016498565673828125 0.021984
0.0001761913299560547 0.022011
0.0001678466796875 0.022010
0.0001938343048095703 0.021978
0.00018858909606933594 0.021896
0.0001888275146484375 0.021917
0.00019502639770507812 0.021892
0.00015544891357421875 0.022028
0.00019693374633789062 0.021896
0.0001556873321533203 0.021998
0.00017023086547851562 0.021957
0.0002079010009765625 0.021982
0.00015211105346679688 0.021997
0.0001499652862548828 0.021969
0.00018906593322753906 0.021904
0.00022745132446289062 0.022051
0.00019049644470214844 0.021913
0.00018310546875 0.021904
0.00016546249389648438 0.021998
0.0001571178436279297 0.021988
0.00016880035400390625 0.022004
0.00016450881958007812 0.021965
0.00018739700317382812 0.021851
0.00018358230590820312 0.021924
0.00018906593322753906 0.021970
0.00017642974853515625 0.022043
0.00018334388732910156 0.021867
0.0001652240753173828 0.022014
8.916854858398438e-05 0.022074
0.0001723766326904297 0.021965
0.000164031982421875 0.022049
0.00017571449279785156 0.022034
0.00016641616821289062 0.021988
0.0001583099365234375 0.021983
0.00016832351684570312 0.022011
0.02208232879638672 0.000564
0.00017189979553222656 0.022010
0.0001518726348876953 0.021963
0.0001842975616455078 0.021872
0.00016689300537109375 0.021995
0.0001804828643798828 0.021875
0.0001628398895263672 0.021977
0.00018262863159179688 0.021907
0.00014400482177734375 0.022052
0.00019598007202148438 0.021963
0.00016546249389648438 0.021993
0.00016760826110839844 0.022080
0.0002079010009765625 0.022018
0.00017833709716796875 0.021951
0.02222442626953125 0.000281
0.0001933574676513672 0.021951
0.00018715858459472656 0.021909
0.00016117095947265625 0.022105
0.00013637542724609375 0.021997
0.00017333030700683594 0.021907
0.00018548965454101562 0.021908
0.00017070770263671875 0.021985
0.00015616416931152344 0.022004
0.00017642974853515625 0.021877
0.00015473365783691406 0.022016
0.00016427040100097656 0.021978
0.00014972686767578125 0.022001
0.0001659393310546875 0.022010
0.00015425682067871094 0.024375
0.0001690387725830078 0.021883
0.00017452239990234375 0.021896
0.00018310546875 0.021893
0.00016427040100097656 0.021914
0.00016546249389648438 0.021974
0.00018095970153808594 0.021968
0.00016355514526367188 0.021998
0.00018835067749023438 0.022091
0.00015234947204589844 0.022027
0.00017595291137695312 0.021886
0.00015211105346679688 0.022031
0.0001590251922607422 0.021896
0.0001678466796875 0.022015
0.00016808509826660156 0.021974
0.00016880035400390625 0.021895
0.00017213821411132812 0.021867
0.00017762184143066406 0.021956
0.00017952919006347656 0.021944
5.650520324707031e-05 0.022103
5.364418029785156e-05 0.022120
0.0001590251922607422 0.022015
0.00018644332885742188 0.021872
0.00014972686767578125 0.022030
0.00014829635620117188 0.022018
0.0002560615539550781 0.022019
0.0001838207244873047 0.021990
0.00015854835510253906 0.022018
0.00015282630920410156 0.021985
0.00016307830810546875 0.022016
0.0001697540283203125 0.021937
0.00016379356384277344 0.021899
0.00013875961303710938 0.022002
0.0001728534698486328 0.021966
0.00014162063598632812 0.021981
0.00016760826110839844 0.021983
0.000141143798828125 0.021980
0.00010442733764648438 0.022043
0.00017404556274414062 0.021874
0.00013756752014160156 0.022025
0.00015854835510253906 0.021963
0.000133514404296875 0.021960
0.00017142295837402344 0.021888
0.0001800060272216797 0.021876
0.0001659393310546875 0.021934
0.00014209747314453125 0.022029
0.0001354217529296875 0.022009
0.0001704692840576172 0.021870
0.00016999244689941406 0.021941
0.00014281272888183594 0.021972
0.00015592575073242188 0.021982
0.000133514404296875 0.022063
0.000148773193359375 0.022015
0.00014448165893554688 0.022014
0.0001442432403564453 0.021969
0.0001347064971923828 0.022004
0.0001347064971923828 0.022044
0.00017762184143066406 0.021897
0.00019669532775878906 0.021958
0.00023555755615234375 0.021964
0.0001418590545654297 0.021998
0.0001614093780517578 0.021893
0.00015997886657714844 0.021904
0.0001876354217529297 0.022009
