0.087143
0.073561
0.06286
0.057127
0.061999
0.059356
0.059283
0.058282
0.05884
0.059877
0.059906
0.058215
0.059737
0.058565
0.058662
0.058477
0.059384
0.058283
0.058439
0.058542
0.058188
0.059026
0.058504
0.059635
0.058819
0.057513
0.058035
0.058326
0.058537
0.058278
0.057939
0.056811
0.057526
0.055798
0.058651
0.058068
0.058417
0.058407
0.058867
0.061194
0.058915
0.058576
0.058505
0.058267
0.058649
0.056921
0.057425
0.058109
0.058982
0.05892
0.058147
0.05867
0.059086
0.059473
0.058585
0.060021
0.057784
0.059436
0.057878
0.058717
0.058344
0.057972
0.058445
0.059405
0.057712
0.05871
0.058581
0.057937
0.057362
0.058807
0.059963
0.05687
0.0591
0.062007
0.056532
0.058036
0.058657
0.058381
0.058517
0.058971
0.058897
0.058829
0.06138
0.058564
0.058608
0.058278
0.057941
0.058078
0.059455
0.058207
0.05626
0.058828
0.058691
0.055994
0.058466
0.058738
0.058974
0.058303
0.058887
0.058405
0.057092
0.058994
0.058391
0.05934
0.059036
0.059103
0.057877
0.057926
0.05568
0.058602
0.059174
0.058559
0.056603
0.058697
0.059398
0.059182
0.059606
0.058811
0.05976
0.058746
0.059498
0.058367
0.059051
0.059117
0.058419
0.058531
0.058349
0.058786
0.059205
0.058476
0.058642
0.058631
0.059207
0.059704
0.05983
0.06241
0.059443
0.058744
0.06005
0.059101
0.058049
0.058918
0.058671
0.059336
0.059034
0.05818
0.059191
0.05929
0.059014
0.058746
0.05873
0.05862
0.059725
0.058948
0.059729
0.05892
0.058095
0.057378
0.058334
0.058684
0.058845
0.058834
0.05898
0.059254
0.059171
0.059424
0.060788
0.056949
0.059755
0.058232
0.059761
0.057696
0.05898
0.057117
0.059264
0.058792
0.059223
0.059151
0.060449
0.059689
0.059293
0.059683
0.059793
0.060175
0.059737
0.05991
0.05985
0.057337
0.058602
0.058295
0.057373
0.0578
0.058292
0.058024
0.059782
0.05652
0.058754
0.059166
0.058691
0.059393
0.059097
0.059369
0.059128
0.058755
0.05905
0.055889
0.057929
0.058457
0.056484
0.060863
0.059157
0.05899
0.057925
0.059661
0.059094
0.060395
0.05947
0.058334
0.058718
0.059678
0.058374
0.058859
0.058868
0.059505
0.058543
0.058011
0.060586
0.060621
0.059421
0.058976
0.058597
0.061675
0.060085
0.060024
0.060268
0.058934
0.058096
0.059041
0.059036
0.058921
0.055922
0.058222
0.059331
0.058974
0.059561
0.058956
0.058594
0.05937
0.059206
0.060598
0.059118
0.060247
0.058659
0.059234
0.058918
0.058425
0.059083
0.057005
0.058634
0.05898
0.060441
0.059747
0.059504
0.059715
0.059564
0.058242
0.059289
0.056205
0.058368
0.056249
0.057362
0.059118
0.056733
0.056918
0.059099
0.058463
0.058735
0.058906
0.05799
0.061073
0.05867
0.060089
0.056751
0.058755
0.060785
0.058732
0.05867
0.058999
0.05899
0.060103
0.059315
0.058567
0.059458
0.058281
0.057939
0.059127
0.058915
0.058883
0.05895
0.059291
0.0588
0.061083
0.059159
0.057186
0.057831
0.060263
0.058927
0.059307
0.059669
0.059124
0.05916
0.056437
0.059921
0.058181
0.058961
0.056797
0.059379
0.062284
0.058672
0.058966
0.059394
0.05895
0.059342
0.058384
0.059562
0.059223
0.059731
0.060078
0.059921
0.059403
0.059608
0.057504
0.05722
0.057659
0.059006
0.059185
0.058347
0.059452
0.060898
0.059394
0.059546
0.058445
0.057951
0.059452
0.059454
0.056687
0.061732
0.058734
0.058899
0.05896
0.059385
0.05884
0.059289
0.057012
0.058822
0.059535
0.059481
0.060666
0.059938
0.058525
0.058645
0.059353
0.059145
0.059624
0.0573
0.058801
0.055974
0.058467
0.059003
0.057317
0.059271
0.058447
0.059348
0.059729
0.058321
0.058398
0.058862
0.059296
0.059315
0.058856
0.059398
0.058425
0.058921
0.058582
0.058699
0.058967
0.059507
0.058927
0.058452
0.057977
0.058816
0.058978
0.060196
0.060004
0.059607
0.058667
0.05951
0.058211
0.058028
0.057986
0.059038
0.058758
0.059425
0.057688
0.058998
0.058413
0.059929
0.056857
0.05956
0.05791
0.059447
0.058722
0.05913
0.058787
0.058983
0.058893
0.05954
0.059151
0.05729
0.059218
0.058901
0.060106
0.057221
0.059171
0.059319
0.056119
0.058681
0.058622
0.058794
0.059091
0.059994
0.059397
0.059725
0.056391
0.058876
0.059214
0.059627
0.058798
0.058705
0.059115
0.060025
0.059428
0.05935
0.05947
0.059132
0.05895
0.059245
0.059057
0.058685
0.058829
0.059459
0.059359
0.058594
0.059553
0.055878
0.060059
0.059492
0.060189
0.058503
0.058754
0.059042
0.058569
0.058073
0.05871
0.059323
0.058829
0.059965
0.058726
0.058841
0.058974
0.057424
0.058447
0.060042
0.059528
0.059248
0.06041
0.05922
0.05894
0.057495
0.058313
0.058824
0.056158
0.0591
0.058476
0.059399
0.058208
0.058916
0.059508
0.058469
0.059554
0.056698
0.056555
0.056469
0.057161
0.059333
0.057763
0.058346
0.059267
0.056437
0.059732
0.059801
0.056854
0.059085
0.058295
0.057379
0.059476
0.056835
0.059017
0.058956
0.059578
0.058735
0.058645
0.058968
0.058804
0.059017
0.058672
0.058064
0.058023
0.060813
0.059105
0.057157
0.059317
0.060152
0.05991
0.058875
0.056932
0.057598
0.059014
0.057498
0.058707
0.060329
0.05709
0.057764
0.058196
0.059012
0.059328
0.059484
0.059759
0.058994
0.060223
0.061802
0.058689
0.05873
0.0592
0.058673
0.059319
0.059121
0.057981
0.059114
0.059332
0.059021
0.058796
0.05983
0.059475
0.062235
0.059201
0.057908
0.059293
0.056152
0.059039
0.05963
0.059243
0.056371
0.060304
0.061068
0.059016
0.059647
0.059355
0.059446
0.059354
0.059175
0.058805
0.05984
0.058712
0.05863
0.057614
0.058122
0.058085
0.056477
0.058347
0.058723
0.058519
0.059187
0.061635
0.059532
0.060566
0.059234
0.056828
0.058172
0.058518
0.059151
0.058562
0.057897
0.058829
0.058296
0.058485
0.059364
0.059155
0.05907
0.059315
0.060024
0.059529
0.059852
0.059191
0.059776
0.057798
0.058526
0.058457
0.058742
0.058808
0.058943
0.059642
0.058371
0.059184
0.058639
0.057119
0.061055
0.058673
0.05932
0.059602
0.057372
0.058116
0.058938
0.058618
0.059154
0.059008
0.058553
0.058486
0.059973
0.058969
0.060112
0.058257
0.058517
0.058709
0.059137
0.059069
0.058825
0.060151
0.059086
0.060127
0.059512
0.059194
0.059247
0.061644
0.058445
0.058879
0.062482
0.066226
0.094056
0.057648
0.05827
0.058517
0.057659
0.059229
0.05778
0.059021
0.058371
0.058326
0.059336
0.057968
0.058403
0.058333
0.058485
0.057955
0.059399
0.0587
0.059005
0.057761
0.059083
0.056556
0.059152
0.062256
0.059602
0.057245
0.060734
0.058978
0.059884
0.058863
0.05878
0.058794
0.058734
0.05921
0.057931
0.058969
0.057521
0.058617
0.058809
0.059663
0.05972
0.059823
0.059521
0.058574
0.05839
0.057815
0.05614
0.059167
0.057081
0.058697
0.058781
0.058674
0.058816
0.057895
0.059124
0.056961
0.060657
0.059825
0.059329
0.056803
0.058589
0.058941
0.058281
0.058265
0.059081
0.059579
0.059815
0.059002
0.05945
0.059268
0.059074
0.059472
0.057475
0.0592
0.058207
0.058789
0.058927
0.058577
0.058365
0.058973
0.05836
0.058035
0.058291
0.058554
0.059009
0.059531
0.057797
0.059624
0.060162
0.059593
0.059314
0.062524
0.059496
0.059015
0.059149
0.056566
0.058846
0.059255
0.059111
0.056916
0.06029
0.056812
0.059869
0.06036
0.059076
0.05711
0.058828
0.059201
0.056619
0.059421
0.058694
0.059209
0.059193
0.058463
0.059238
0.059053
0.059627
0.059641
0.059333
0.059437
0.059552
0.061453
0.059977
0.059246
0.060808
0.059018
0.058181
0.058746
0.058224
0.059248
0.059542
0.059117
0.059499
0.059069
0.059164
0.059463
0.058196
0.059476
0.058066
0.05692
0.059685
0.058962
0.056781
0.059182
0.058265
0.059358
0.058954
0.058833
0.059019
0.059132
0.05974
0.059053
0.059035
0.058664
0.059528
0.059168
0.059823
0.058476
0.057889
0.058533
0.059
0.059199
0.059912
0.059251
0.059012
0.058625
0.059418
0.058752
0.058149
0.059874
0.059524
0.058969
0.059037
0.059719
0.058942
0.058108
0.059701
0.059334
0.058585
0.059008
0.059085
0.059099
0.059662
0.059218
0.060384
0.060616
0.060231
0.059225
0.058852
0.060511
0.058517
0.056928
0.059106
0.057712
0.059379
0.058946
0.058996
0.058281
0.059446
0.056841
0.059657
0.058592
0.056562
0.055552
0.057523
0.05879
0.058198
0.058765
0.059387
0.05932
0.059227
0.058246
0.059093
0.058992
0.058159
0.058936
0.057802
0.059733
0.060132
0.059223
0.059313
0.059046
0.058586
0.058365
0.059492
0.059345
0.059278
0.058542
0.058899
0.061546
0.059269
0.059719
0.058869
0.059263
0.059725
0.059316
0.059556
0.059209
0.058568
0.059368
0.05912
0.057636
0.056749
0.059681
0.059153
0.059414
0.058691
0.058864
0.05888
0.05957
0.059794
0.061098
0.059899
0.059433
0.058272
0.058659
0.058564
0.058636
0.059045
0.059948
0.057614
0.058881
0.05687
0.060778
0.057871
0.0577
0.056393
0.059526
0.058997
0.059623
0.058541
0.058757
0.059203
0.057986
0.058474
0.059496
0.059343
0.058614
0.058291
0.059927
0.058866
0.059352
0.059612
0.05817
0.059473
0.059167
0.056225
0.058385
0.057043
0.057782
0.058382
0.060279
0.058891
0.059381
0.059118
0.06107
0.059065
0.060284
0.057141
0.05877
0.059215
0.059092
0.05959
0.0585
0.059383
0.059029
0.059111
0.058777
0.058002
0.059086
0.057767
0.0594
0.058889
0.058857
0.059769
0.059219
0.058852
0.059236
0.058224
0.056736
0.059246
0.059253
0.058953
0.059738
0.060554
0.05939
0.058489
0.059874
0.058592
0.060167
0.063205
0.056804
0.05908
0.057585
0.058754
0.05798
0.058721
0.057886
0.060127
0.057717
0.059389
0.057934
0.056165
0.061431
0.061068
0.057982
0.059113
0.059569
