0.354332
0.264009
0.327219
0.277519
0.217004
0.295529
0.260945
0.211209
0.216521
0.246509
0.313520
0.214109
0.252683
0.314631
0.287543
0.246122
0.217076
0.277295
0.244054
0.314408
0.215154
0.237957
0.306242
0.218144
0.241925
0.312716
0.281711
0.244180
0.312011
0.217243
0.218744
0.322356
0.292021
0.250572
0.326476
0.286186
0.257401
0.331577
0.293470
0.254074
0.326547
0.270589
0.251233
0.327017
0.216436
0.262749
0.226316
0.298957
0.268753
0.235989
0.311013
0.270958
0.348866
0.315391
0.254230
0.351908
0.316658
0.279818
0.346967
0.277721
0.279351
0.215938
0.317734
0.285911
0.257046
0.322026
0.287717
0.253363
0.216869
0.290313
0.255939
0.332561
0.301998
0.366521
0.333006
0.249498
0.376463
0.334615
0.300661
0.267492
0.243497
0.286113
0.271691
0.247864
0.308460
0.278353
0.227471
0.313999
0.279584
0.248279
0.326762
0.288697
0.260750
0.256562
0.260364
0.289467
0.240552
0.293179
0.365644
0.229826
0.314198
0.301557
0.339043
0.270226
0.372138
0.337620
0.305144
0.255962
0.349417
0.307405
0.254260
0.347810
0.311739
0.259290
0.354734
0.315384
0.223612
0.352073
0.323069
0.329763
0.283673
0.364845
0.324919
0.296541
0.310786
0.254275
0.293289
0.256830
0.333123
0.224056
0.262838
0.334065
0.305070
0.264483
0.338598
0.267783
0.257947
0.258608
0.312714
0.255498
0.345443
0.314276
0.225688
0.249539
0.318063
0.275379
0.253518
0.324400
0.281710
0.250948
0.288832
0.298160
0.254213
0.332153
0.231470
0.265857
0.249935
0.295927
0.264092
0.344684
0.226140
0.271004
0.346003
0.303268
0.275286
0.339621
0.304848
0.273710
0.263862
0.310501
0.279963
0.258808
0.321075
0.284917
0.349414
0.324683
0.291854
0.355258
0.261648
0.290163
0.359535
0.263042
0.298672
0.266268
0.326263
0.291595
0.268820
0.331569
0.294154
0.247818
0.327867
0.295868
0.267720
0.333844
0.222772
0.265836
0.223293
0.303333
0.270838
0.299384
0.305636
0.273899
0.261714
0.309827
0.261153
0.351081
0.317904
0.287142
0.351071
0.301493
0.285015
0.362034
0.330737
0.296223
0.257193
0.332221
0.263846
0.361199
0.329294
0.261092
0.364394
0.232947
0.299297
0.266920
0.341163
0.312307
0.277457
0.339225
0.231094
0.275947
0.342458
0.310313
0.225086
0.247301
0.313836
0.279876
0.254994
0.325272
0.283425
0.261222
0.323791
0.287831
0.254664
0.323507
0.289881
0.266484
0.334633
0.300464
0.268608
0.336636
0.303380
0.272101
0.334262
0.299955
0.276984
0.336168
0.318314
0.235673
0.344780
0.229165
0.283648
0.327687
0.232039
0.277621
0.243373
0.313215
0.281703
0.256772
0.317407
0.284175
0.230257
0.331564
0.275816
0.255373
0.328439
0.290827
0.266712
0.229147
0.228777
0.268816
0.332321
0.297447
0.272618
0.335190
0.311017
0.371405
0.235324
0.314068
0.281586
0.349416
0.312212
0.277189
0.227120
0.320323
0.279410
0.247610
0.322907
0.291383
0.260832
0.239940
0.231059
0.255705
0.323900
0.286280
