0.015921
0.017129
0.018427
0.019205
0.020237
0.020357
0.020444
0.020664
0.021107
0.021036
0.021409
0.021518
0.021514
0.021601
0.021493
0.021536
0.021687
0.021683
0.021537
0.021600
0.021586
0.021556
0.021447
0.021512
0.021522
0.021474
0.021452
0.021607
0.021444
0.021568
0.021550
0.021786
0.001409
0.021823
0.021893
0.021838
0.000598
0.021855
0.021905
0.021904
0.021937
0.021793
0.021817
0.021907
0.021987
0.021896
0.021932
0.021915
0.021785
0.021834
0.021930
0.021900
0.021923
0.021830
0.021906
0.021929
0.021884
0.021962
0.021968
0.021891
0.021958
0.021811
0.021987
0.021850
0.021883
0.021893
0.000417
0.021917
0.021961
0.021928
0.021965
0.021934
0.021931
0.021851
0.000293
0.021901
0.021968
0.021914
0.021826
0.021767
0.021856
0.021871
0.021948
0.021879
0.021772
0.021831
0.021918
0.021884
0.021854
0.021790
0.021929
0.021914
0.021873
0.021877
0.021950
0.021995
0.022030
0.021893
0.021889
0.021870
0.021819
0.021980
0.021888
0.021927
0.021856
0.021919
0.021892
0.021884
0.021889
0.021792
0.021751
0.021967
0.021826
0.021966
0.021945
0.021869
0.021931
0.021986
0.021804
0.021863
0.021972
0.021980
0.021989
0.021808
0.021831
0.021874
0.021953
0.021878
0.021936
0.021836
0.021832
0.021793
0.021960
0.021883
0.021926
0.021918
0.021972
0.021859
0.021905
0.021784
0.021819
0.021888
0.021979
0.021934
0.021947
0.021899
0.022028
0.021968
0.021942
0.021855
0.021821
0.022004
0.021912
0.020542
0.020183
0.020441
0.021254
0.021066
0.020652
0.020521
0.021378
0.021891
0.021343
0.020767
0.020572
0.020755
0.021764
0.022302
0.022499
0.022424
0.022500
0.022394
0.022484
0.022514
0.022344
0.022384
0.022384
0.022239
0.022425
0.022414
0.022235
0.022253
0.022381
0.022300
0.022346
0.022197
0.022204
0.022268
0.022166
0.022161
0.022225
0.022114
0.022227
0.022115
0.022099
0.022128
0.022349
0.022354
0.022330
0.022492
0.022322
0.022345
0.022373
0.022417
0.022465
0.022407
0.022400
0.022245
0.022363
0.022343
0.022318
0.022388
0.021819
0.020457
0.016316
0.019065
0.018428
0.017344
0.017138
0.017039
0.012328
0.017376
0.018049
0.007075
0.017942
0.010732
0.017922
0.018013
0.018010
0.007679
0.017958
0.017642
0.017776
0.017563
0.017579
0.018474
0.019079
0.021024
0.021732
0.010226
0.021978
0.022042
0.021441
0.021227
0.020960
0.020844
0.020941
0.021018
0.005868
0.021011
0.020993
0.021015
0.005352
0.021007
0.021021
0.005645
0.020970
0.020972
0.020956
0.020916
0.020938
0.020839
0.020867
0.002870
0.020880
0.020789
0.020836
0.020788
0.020805
0.020853
0.020812
0.020813
0.020791
0.003125
0.020865
0.020181
0.020724
0.020794
0.020819
0.020586
0.000543
0.019345
0.018865
0.018776
0.018714
0.018907
0.019035
0.019410
0.020015
0.021072
0.021126
0.020978
0.021082
0.022212
0.022232
0.022332
0.022221
0.022344
0.022247
0.022274
0.022520
0.022380
0.022398
0.022371
0.022256
0.022257
0.022267
0.022400
0.022329
0.022422
0.022393
0.044392
0.011349
0.022301
0.022200
0.022232
0.022313
0.022279
0.022295
0.022213
0.022086
0.021840
0.021741
0.021613
0.021207
0.020731
0.020750
0.020569
0.020471
0.020307
0.020187
0.020597
0.006381
0.021426
0.021312
0.021094
0.020653
0.020812
0.021283
0.021689
0.021589
0.021687
0.000287
0.021143
0.021168
0.021424
0.021167
0.021307
0.021339
0.020970
0.021194
0.021501
0.021701
0.021623
0.021413
0.021361
0.021415
0.021441
0.021624
0.021726
0.000505
0.021704
0.021748
0.021737
0.021786
0.021692
0.021753
0.021793
0.021777
0.021726
0.021533
0.021502
0.021270
0.021375
0.003596
0.021700
0.021927
0.021890
0.000193
0.021378
0.000408
0.021243
0.021275
0.021646
0.021932
0.022162
0.021975
0.000535
0.022085
0.022007
0.021953
0.022043
0.021808
0.021809
0.020940
0.020947
0.000734
0.020252
0.020247
0.020114
0.020014
0.019904
0.020171
0.020338
0.020744
0.020894
0.021636
0.021647
0.022252
0.022146
0.021631
0.021518
0.021467
0.021841
0.021846
0.021413
0.021477
0.021407
0.021664
0.022276
0.022319
0.022445
0.022562
0.022483
0.022371
0.021915
0.021862
0.021925
0.021292
0.021631
0.021493
0.021379
0.021144
0.021557
0.021435
0.021518
0.021656
0.021574
0.021546
0.021525
0.021914
0.022440
0.022790
0.022806
0.022797
0.022937
0.022979
0.023074
0.023076
0.022722
0.000274
0.022366
0.022193
0.022169
0.022189
0.022088
0.022188
0.022044
0.022146
0.022092
0.022112
0.021994
0.022116
0.021977
0.022085
0.022071
0.022020
0.021982
0.022085
0.021993
0.022069
0.021964
0.022063
0.022054
0.022107
0.022079
0.022127
0.022087
0.022114
0.022044
0.021988
0.022039
0.022038
0.022109
0.021982
0.022007
0.022039
0.022131
0.022088
0.021965
0.021951
0.021960
0.021990
0.021958
0.022012
0.022024
0.022050
0.022040
0.022077
0.022121
0.021994
0.021964
0.021946
0.021906
0.022025
0.021987
0.021976
0.022060
0.022064
0.022117
0.022065
0.000494
0.022079
0.022073
0.021982
0.021993
0.022029
0.022098
0.022055
0.022050
0.016602
0.022047
0.022081
0.022082
0.022041
0.022110
0.000437
0.022133
0.022052
0.022027
0.022071
0.021928
0.021995
0.022031
0.022154
0.022066
0.022003
0.022058
0.021967
0.022143
0.022118
0.022140
0.022028
0.022065
0.022044
0.000534
0.021950
0.021938
0.022048
0.021968
0.022069
0.021999
0.021962
0.022092
0.022052
0.022064
0.021975
0.022043
0.000410
0.022136
0.022109
0.022083
0.022112
0.022195
0.022153
0.022125
0.022098
0.022115
0.022128
0.022028
0.022155
0.022079
0.017912
0.022024
0.021997
0.022084
0.022078
0.021984
0.022115
0.022061
0.000322
0.022092
0.021962
0.022060
0.022154
0.022100
0.022063
0.021943
0.022174
0.022015
0.022097
0.022111
0.021998
0.022003
0.022156
0.021995
0.022198
0.022072
0.034310
0.022146
0.022011
0.022149
0.022003
0.022095
0.022089
0.022062
0.021971
0.022088
0.022108
0.022101
0.022076
0.022102
0.021997
0.022105
0.022035
0.021997
0.022067
0.022115
0.022048
0.022064
0.000267
0.022105
0.021988
0.022015
0.000219
0.021950
0.021982
0.000383
0.021965
0.022006
0.021909
0.021992
0.022042
0.022030
0.021989
0.021991
0.022038
0.000409
0.021946
0.021884
0.021964
0.021956
0.021876
0.021869
0.021861
0.022046
0.022005
0.022018
0.022027
0.022069
0.022026
0.021991
0.021999
0.021994
0.022008
0.022003
0.021870
0.021864
0.021899
0.021963
0.021978
0.021989
0.021985
0.000256
0.022088
0.000277
0.021987
0.022021
0.021988
0.021974
0.021968
0.022024
0.021982
0.022002
0.021871
0.022058
0.022028
0.022045
0.021984
0.022011
0.022010
0.021978
0.021896
0.021917
0.021892
0.022028
0.021896
0.021998
0.021957
0.021982
0.021997
0.021969
0.021904
0.022051
0.021913
0.021904
0.021998
0.021988
0.022004
0.021965
0.021851
0.021924
0.021970
0.022043
0.021867
0.022014
0.022074
0.021965
0.022049
0.022034
0.021988
0.021983
0.022011
0.000564
0.022010
0.021963
0.021872
0.021995
0.021875
0.021977
0.021907
0.022052
0.021963
0.021993
0.022080
0.022018
0.021951
0.000281
0.021951
0.021909
0.022105
0.021997
0.021907
0.021908
0.021985
0.022004
0.021877
0.022016
0.021978
0.022001
0.022010
0.024375
0.021883
0.021896
0.021893
0.021914
0.021974
0.021968
0.021998
0.022091
0.022027
0.021886
0.022031
0.021896
0.022015
0.021974
0.021895
0.021867
0.021956
0.021944
0.022103
0.022120
0.022015
0.021872
0.022030
0.022018
0.022019
0.021990
0.022018
0.021985
0.022016
0.021937
0.021899
0.022002
0.021966
0.021981
0.021983
0.021980
0.022043
0.021874
0.022025
0.021963
0.021960
0.021888
0.021876
0.021934
0.022029
0.022009
0.021870
0.021941
0.021972
0.021982
0.022063
0.022015
0.022014
0.021969
0.022004
0.022044
0.021897
0.021958
0.021964
0.021998
0.021893
0.021904
0.022009
