0.35588860511779785
0.030703067779541016
0.03180670738220215
0.03316068649291992
0.03395986557006836
0.03420376777648926
0.03380537033081055
0.034073829650878906
0.034622907638549805
0.03491520881652832
0.03519582748413086
0.035462379455566406
0.03531026840209961
0.03497719764709473
0.035378456115722656
0.03508186340332031
0.035437822341918945
0.035355329513549805
0.035416364669799805
0.03528451919555664
0.03536581993103027
0.03536081314086914
0.035294532775878906
0.0350344181060791
0.03530454635620117
0.035317420959472656
0.03532266616821289
0.03497886657714844
0.03533458709716797
0.034935712814331055
0.03576064109802246
0.06060600280761719
0.03613734245300293
0.03527688980102539
0.03566718101501465
0.06228756904602051
0.0357813835144043
0.03534650802612305
0.03551340103149414
0.0356297492980957
0.03536653518676758
0.035798072814941406
0.03573036193847656
0.03565359115600586
0.03608870506286621
0.03560519218444824
0.035700082778930664
0.03583860397338867
0.03585100173950195
0.03597688674926758
0.03559160232543945
0.03536057472229004
0.035831451416015625
0.03586316108703613
0.03547525405883789
0.03581547737121582
0.03537344932556152
0.03582572937011719
0.03618288040161133
0.03580951690673828
0.03557181358337402
0.035411834716796875
0.03579998016357422
0.03617215156555176
0.03526496887207031
0.06717681884765625
0.03873443603515625
0.03586769104003906
0.036148786544799805
0.03609013557434082
0.03569769859313965
0.0356447696685791
0.03609728813171387
0.06747150421142578
0.035687923431396484
0.035999298095703125
0.03566932678222656
0.03625297546386719
0.0363001823425293
0.03568148612976074
0.035944461822509766
0.035723209381103516
0.03564095497131348
0.035669565200805664
0.0355839729309082
0.03588676452636719
0.035805463790893555
0.03547215461730957
0.03545832633972168
0.03561973571777344
0.035814523696899414
0.036098480224609375
0.03584408760070801
0.03583502769470215
0.0358579158782959
0.03597688674926758
0.03592538833618164
0.03533744812011719
0.03550577163696289
0.03555583953857422
0.03580832481384277
0.03550362586975098
0.03571629524230957
0.035701751708984375
0.035592079162597656
0.03538012504577637
0.036019086837768555
0.035260677337646484
0.035802364349365234
0.03561997413635254
0.03568530082702637
0.03586411476135254
0.03594040870666504
0.03620314598083496
0.03577423095703125
0.035675764083862305
0.03575277328491211
0.03600788116455078
0.03535604476928711
0.0357053279876709
0.03592705726623535
0.03548789024353027
0.03579998016357422
0.03586935997009277
0.03607773780822754
0.035301923751831055
0.03577876091003418
0.03572893142700195
0.035416364669799805
0.0355837345123291
0.03528785705566406
0.0355989933013916
0.036516427993774414
0.03546571731567383
0.03529047966003418
0.03577113151550293
0.036154985427856445
0.03538966178894043
0.03581666946411133
0.03572344779968262
0.03563261032104492
0.03583550453186035
0.035711050033569336
0.03592514991760254
0.035521507263183594
0.03592491149902344
0.03545522689819336
0.03580045700073242
0.035309791564941406
0.035730600357055664
0.03578972816467285
0.035582780838012695
0.035568952560424805
0.034383535385131836
0.03384542465209961
0.03432297706604004
0.03539919853210449
0.0344545841217041
0.03442883491516113
0.03432822227478027
0.03478384017944336
0.035861968994140625
0.03513956069946289
0.03418850898742676
0.03395986557006836
0.034325599670410156
0.03532814979553223
0.03616642951965332
0.03619241714477539
0.03597903251647949
0.03631401062011719
0.03635692596435547
0.0364072322845459
0.036556243896484375
0.03642916679382324
0.03621816635131836
0.036144256591796875
0.03624582290649414
0.03610420227050781
0.03584098815917969
0.03582406044006348
0.03577589988708496
0.03635144233703613
0.03590106964111328
0.03626680374145508
0.036339759826660156
0.036086320877075195
0.03615570068359375
0.03612160682678223
0.03569459915161133
0.03593635559082031
0.036017417907714844
0.036119937896728516
0.03569436073303223
0.03621816635131836
0.0360870361328125
0.03633308410644531
0.03621244430541992
0.03623819351196289
0.036362648010253906
0.036242008209228516
0.036338090896606445
0.036087989807128906
0.036313772201538086
0.03673911094665527
0.07043838500976562
0.035829782485961914
0.0363008975982666
0.03599858283996582
0.036218881607055664
0.03638434410095215
0.03698444366455078
0.03593277931213379
0.0682525634765625
0.032534122467041016
0.032143354415893555
0.031798362731933594
0.06253266334533691
0.029764413833618164
0.062372446060180664
0.032605648040771484
0.030287742614746094
0.06211090087890625
0.03400707244873047
0.05858135223388672
0.030910730361938477
0.03059101104736328
0.03115391731262207
0.06241750717163086
0.03057718276977539
0.031146764755249023
0.030547380447387695
0.030836820602416992
0.06170845031738281
0.03023982048034668
0.03199625015258789
0.06280016899108887
0.03417325019836426
0.06296086311340332
0.034772634506225586
0.035247802734375
0.036006927490234375
0.03546261787414551
0.03466176986694336
0.034189701080322266
0.03375959396362305
0.03379702568054199
0.06523370742797852
0.03684735298156738
0.03388357162475586
0.035958290100097656
0.0656130313873291
0.03708791732788086
0.03449296951293945
0.06520724296569824
0.03696918487548828
0.033866167068481445
0.03422069549560547
0.034538984298706055
0.03397321701049805
0.03399801254272461
0.03406357765197754
0.06717967987060547
0.03757047653198242
0.03372812271118164
0.034250736236572266
0.03411722183227539
0.034297943115234375
0.03405141830444336
0.03379392623901367
0.0343317985534668
0.03424859046936035
0.06458663940429688
0.03733563423156738
0.05073070526123047
0.03374934196472168
0.03566098213195801
0.03361964225769043
0.03433871269226074
0.06784510612487793
0.03676009178161621
0.033641815185546875
0.03200268745422363
0.03187990188598633
0.032120466232299805
0.03215146064758301
0.032549142837524414
0.03273916244506836
0.033090829849243164
0.03458976745605469
0.0345458984375
0.034134626388549805
0.03441643714904785
0.03560686111450195
0.03596687316894531
0.03581571578979492
0.036031246185302734
0.03634929656982422
0.03612780570983887
0.03645920753479004
0.036560773849487305
0.03592205047607422
0.03603172302246094
0.03591513633728027
0.035804033279418945
0.03605508804321289
0.03606367111206055
0.036034584045410156
0.03611397743225098
0.03618025779724121
0.036086320877075195
0.06159329414367676
0.035642385482788086
0.03604841232299805
0.0357205867767334
0.035696983337402344
0.03608131408691406
0.03596639633178711
0.03618597984313965
0.03563570976257324
0.035817861557006836
0.0356748104095459
0.03575444221496582
0.055121421813964844
0.055973052978515625
0.03399252891540527
0.03440070152282715
0.03402829170227051
0.03401994705200195
0.03332805633544922
0.03364133834838867
0.06376361846923828
0.03663229942321777
0.03437447547912598
0.03463292121887207
0.034287214279174805
0.03347420692443848
0.03359675407409668
0.03470301628112793
0.03515148162841797
0.034673213958740234
0.06496977806091309
0.035094261169433594
0.034310340881347656
0.03462624549865723
0.035298824310302734
0.0343785285949707
0.034905433654785156
0.03470754623413086
0.03408241271972656
0.034358978271484375
0.035009145736694336
0.034970760345458984
0.03490567207336426
0.03472781181335449
0.05043816566467285
0.034525156021118164
0.03505301475524902
0.03549051284790039
0.0690467357635498
0.03536033630371094
0.06626129150390625
0.035418033599853516
0.03480195999145508
0.05132174491882324
0.034837961196899414
0.03559064865112305
0.035347938537597656
0.0354311466217041
0.03508400917053223
0.03509521484375
0.035021305084228516
0.0345613956451416
0.06809091567993164
0.03422141075134277
0.035002946853637695
0.03551840782165527
0.06846833229064941
0.03833150863647461
0.0642859935760498
0.0369265079498291
0.03424525260925293
0.0345158576965332
0.03499293327331543
0.055930376052856445
0.0356898307800293
0.06748437881469727
0.03553962707519531
0.035224199295043945
0.03533816337585449
0.03545951843261719
0.03575897216796875
0.03505253791809082
0.055687665939331055
0.03390359878540039
0.06831073760986328
0.033650875091552734
0.03366875648498535
0.033518314361572266
0.033545494079589844
0.03374028205871582
0.033884525299072266
0.03350329399108887
0.033803462982177734
0.03429388999938965
0.034595489501953125
0.03505873680114746
0.03565025329589844
0.035890817642211914
0.03592538833618164
0.0352783203125
0.03556227684020996
0.03492331504821777
0.0360255241394043
0.035286903381347656
0.03541827201843262
0.03525090217590332
0.034744977951049805
0.035193681716918945
0.035624027252197266
0.03539109230041504
0.035890817642211914
0.03588581085205078
0.03560757637023926
0.036020755767822266
0.03559470176696777
0.035492897033691406
0.035164833068847656
0.0347902774810791
0.03545808792114258
0.03501772880554199
0.0352168083190918
0.03469252586364746
0.03514504432678223
0.035175323486328125
0.0350642204284668
0.03554177284240723
0.035343170166015625
0.03545379638671875
0.035036325454711914
0.03543686866760254
0.03741145133972168
0.03705310821533203
0.03701639175415039
0.03668832778930664
0.0364527702331543
0.03686785697937012
0.0370328426361084
0.03661084175109863
0.06974959373474121
0.03604555130004883
0.03596186637878418
0.03565263748168945
0.03577065467834473
0.03573322296142578
0.03609919548034668
0.03541088104248047
0.035706520080566406
0.03587031364440918
0.03560996055603027
0.035292625427246094
0.03577136993408203
0.03577995300292969
0.036014556884765625
0.03536248207092285
0.03553032875061035
0.03555607795715332
0.0352780818939209
0.0353701114654541
0.035314083099365234
0.03546929359436035
0.03579545021057129
0.03602409362792969
0.0354914665222168
0.03628683090209961
0.03594493865966797
0.035726308822631836
0.0357666015625
0.0355679988861084
0.03571605682373047
0.03589296340942383
0.03566479682922363
0.035585641860961914
0.035840511322021484
0.03554987907409668
0.035576820373535156
0.03579235076904297
0.035565853118896484
0.035284996032714844
0.03558206558227539
0.035251617431640625
0.03570961952209473
0.035780906677246094
0.03537893295288086
0.035602569580078125
0.03539252281188965
0.0355525016784668
0.035524845123291016
0.03557920455932617
0.036077260971069336
0.035939693450927734
0.035558462142944336
0.03574943542480469
0.03571009635925293
0.03581094741821289
0.0358579158782959
0.03532862663269043
0.03587961196899414
0.03568434715270996
0.03614544868469238
0.06930375099182129
0.035698890686035156
0.036087751388549805
0.03549504280090332
0.03547406196594238
0.04032135009765625
0.03519248962402344
0.035650014877319336
0.035527944564819336
0.06742691993713379
0.03527569770812988
0.03558611869812012
0.035553693771362305
0.0356297492980957
0.03604269027709961
0.06854701042175293
0.035683631896972656
0.06728029251098633
0.035286664962768555
0.03575539588928223
0.0360715389251709
0.03577423095703125
0.03566241264343262
0.0697019100189209
0.035315513610839844
0.035649776458740234
0.03595280647277832
0.03552532196044922
0.03562784194946289
0.036133766174316406
0.0356292724609375
0.035746097564697266
0.03549504280090332
0.035555362701416016
0.05933976173400879
0.035880088806152344
0.0354762077331543
0.03566598892211914
0.03555130958557129
0.035329341888427734
0.035514116287231445
0.03531503677368164
0.035362958908081055
0.036270856857299805
0.0356907844543457
0.03571295738220215
0.035683631896972656
0.05882978439331055
0.035819292068481445
0.03533434867858887
0.035375356674194336
0.035772085189819336
0.03595471382141113
0.06634736061096191
0.0358576774597168
0.03556966781616211
0.035623788833618164
0.03577542304992676
0.03577852249145508
0.03551363945007324
0.03594470024108887
0.06711363792419434
0.03538918495178223
0.03544473648071289
0.03544449806213379
0.035607337951660156
0.03571128845214844
0.035825252532958984
0.035700321197509766
0.06717610359191895
0.0397486686706543
0.03556180000305176
0.035678863525390625
0.038019418716430664
0.03566145896911621
0.03582000732421875
0.03578925132751465
0.035515546798706055
0.03562808036804199
0.03529548645019531
0.035706520080566406
0.03555607795715332
0.035540103912353516
0.03574013710021973
0.0360255241394043
0.03552412986755371
0.03580498695373535
0.03579974174499512
0.05008697509765625
0.0355687141418457
0.035714149475097656
0.03620290756225586
0.03544020652770996
0.03533124923706055
0.03522777557373047
0.0354313850402832
0.035280466079711914
0.035398006439208984
0.03559255599975586
0.03532552719116211
0.03523588180541992
0.03557085990905762
0.035570383071899414
0.035341739654541016
0.03561902046203613
0.0357820987701416
0.03561997413635254
0.03579521179199219
0.035541534423828125
0.06450486183166504
0.035508155822753906
0.03533339500427246
0.03583025932312012
0.06746959686279297
0.03603076934814453
0.03571152687072754
0.06816864013671875
0.03581357002258301
0.03539586067199707
0.035521745681762695
0.03545951843261719
0.035539865493774414
0.03564047813415527
0.03511977195739746
0.03537750244140625
0.03515934944152832
0.059815168380737305
0.03555417060852051
0.035062551498413086
0.03566551208496094
0.03546333312988281
0.0351254940032959
0.0354616641998291
0.03566431999206543
0.03540658950805664
0.03533291816711426
0.03563380241394043
0.03561544418334961
0.03514814376831055
0.041081905364990234
0.03520536422729492
0.035561323165893555
0.03557753562927246
0.035579681396484375
0.035449981689453125
0.0353093147277832
0.035581350326538086
0.0354008674621582
0.035726070404052734
0.03560805320739746
0.03552579879760742
0.035453081130981445
0.06875157356262207
0.03849911689758301
0.05401301383972168
0.039237022399902344
0.03516864776611328
0.03565549850463867
0.035537004470825195
0.03528332710266113
0.03551292419433594
0.03562307357788086
0.035513877868652344
0.035419464111328125
0.03565025329589844
0.035952091217041016
0.03558063507080078
0.03584623336791992
0.03511548042297363
0.03562307357788086
0.03541254997253418
0.0350804328918457
0.03552889823913574
0.03550434112548828
0.03598928451538086
0.0354914665222168
0.03562521934509277
0.03581809997558594
0.035414695739746094
0.035634756088256836
0.03554272651672363
0.035843849182128906
0.03553175926208496
0.035642385482788086
0.035665273666381836
0.03584098815917969
0.03553318977355957
0.03551006317138672
0.03564929962158203
0.03555583953857422
0.0354609489440918
0.0352325439453125
0.03561663627624512
0.03554081916809082
0.03577542304992676
0.0355229377746582
0.03571367263793945
0.035481929779052734
0.03553938865661621
0.03571033477783203
0.035460472106933594
0.035529136657714844
0.06337499618530273
0.03569674491882324
0.03541421890258789
0.03554034233093262
0.035515546798706055
0.03583860397338867
0.035481929779052734
0.03545784950256348
0.03550267219543457
0.036047935485839844
0.03538799285888672
0.03570127487182617
0.0354158878326416
0.03580164909362793
0.061521291732788086
0.03551149368286133
0.035349369049072266
0.03554058074951172
0.055933475494384766
0.035095930099487305
0.03682422637939453
0.03603100776672363
0.03556227684020996
0.03550100326538086
0.03553152084350586
0.036087989807128906
0.03519463539123535
0.035448312759399414
0.035501956939697266
0.03840899467468262
0.03560829162597656
0.0354313850402832
0.035410165786743164
0.03566861152648926
0.0354917049407959
0.03557634353637695
0.03566718101501465
0.03558063507080078
0.035627126693725586
0.03542494773864746
0.03570413589477539
0.03556251525878906
0.03581833839416504
0.03561997413635254
0.03514742851257324
0.035483598709106445
0.03549003601074219
0.03804731369018555
0.03624391555786133
0.036121368408203125
0.035280466079711914
0.03547525405883789
0.03556084632873535
0.035416603088378906
0.03570890426635742
0.03581953048706055
0.03544259071350098
0.035158634185791016
0.035643815994262695
0.03557467460632324
0.03565406799316406
0.035456180572509766
0.03548288345336914
0.03541398048400879
0.03566575050354004
0.035526275634765625
0.03535199165344238
0.03551506996154785
0.036041975021362305
0.03558206558227539
0.035382986068725586
0.035385847091674805
0.03538036346435547
0.0356602668762207
0.035591840744018555
0.0361025333404541
0.03526949882507324
0.03559613227844238
0.03543734550476074
0.03541088104248047
0.035797119140625
0.035404205322265625
0.03573036193847656
0.0354008674621582
0.035410404205322266
0.035448312759399414
0.03539752960205078
0.03542351722717285
0.035675764083862305
0.03585481643676758
0.0359349250793457
0.03548908233642578
0.035627126693725586
