0.00029587745666503906
0.00019311904907226562
0.0002665519714355469
0.0002665519714355469
0.00026726722717285156
0.0002732276916503906
0.00026917457580566406
0.0002684593200683594
0.0002753734588623047
0.0002720355987548828
0.000270843505859375
0.0002689361572265625
0.00027060508728027344
0.00026297569274902344
0.00027441978454589844
0.00028228759765625
0.00019979476928710938
0.00021338462829589844
0.00026154518127441406
0.0002627372741699219
0.0002772808074951172
0.00027108192443847656
0.0002713203430175781
0.000274658203125
0.0002970695495605469
0.0002765655517578125
0.000324249267578125
0.00026345252990722656
0.00026726722717285156
0.0002651214599609375
0.00026869773864746094
0.0002849102020263672
0.02120184898376465
0.0002620220184326172
0.0002853870391845703
0.00027632713317871094
0.02205061912536621
0.00029754638671875
0.0002789497375488281
0.00027561187744140625
0.0002684593200683594
0.0002751350402832031
0.00031447410583496094
0.0002484321594238281
0.00024819374084472656
0.00026035308837890625
0.00025272369384765625
0.00025963783264160156
0.00028061866760253906
0.00027680397033691406
0.00024437904357910156
0.0002257823944091797
0.0002772808074951172
0.0003209114074707031
0.0002613067626953125
0.00027632713317871094
0.0002684593200683594
0.0002689361572265625
0.00026345252990722656
0.0002720355987548828
0.00019240379333496094
0.0002963542938232422
0.0002684593200683594
0.00028228759765625
0.00026726722717285156
0.00029206275939941406
0.022196054458618164
0.0002841949462890625
0.0002486705780029297
0.0002353191375732422
0.0002868175506591797
0.0002524852752685547
0.000240325927734375
0.0002741813659667969
0.022196292877197266
0.00028014183044433594
0.00018334388732910156
0.000270843505859375
0.0002586841583251953
0.00029397010803222656
0.0002589225769042969
0.00028252601623535156
0.0002384185791015625
0.00029969215393066406
0.00027680397033691406
0.00028443336486816406
0.00030350685119628906
0.0002410411834716797
0.0002627372741699219
0.00025582313537597656
0.0002491474151611328
0.00023603439331054688
0.0002808570861816406
0.00023937225341796875
0.000301361083984375
0.00025916099548339844
0.00014781951904296875
0.0002589225769042969
0.00024056434631347656
0.0002522468566894531
0.0002567768096923828
0.00026535987854003906
0.0002429485321044922
0.0002522468566894531
0.00028133392333984375
0.0002472400665283203
0.0002689361572265625
0.0002493858337402344
0.0002808570861816406
0.0002665519714355469
0.00027632713317871094
0.00036334991455078125
0.00026416778564453125
0.000274658203125
0.00024175643920898438
0.00025773048400878906
0.00023555755615234375
0.00026154518127441406
0.0002791881561279297
0.0002181529998779297
0.0002391338348388672
0.00025773048400878906
0.00017952919006347656
0.0002593994140625
0.0002124309539794922
0.0002682209014892578
0.00027561187744140625
0.00025725364685058594
0.0002617835998535156
0.00026488304138183594
0.0002665519714355469
0.00027108192443847656
0.0002636909484863281
0.00025963783264160156
0.00026345252990722656
0.0002579689025878906
0.00032138824462890625
0.00025725364685058594
0.00028514862060546875
0.0002551078796386719
0.00026607513427734375
0.00029754638671875
0.00023698806762695312
0.00027561187744140625
0.0002257823944091797
0.00026345252990722656
0.0002522468566894531
0.00023698806762695312
0.00026869773864746094
0.0002567768096923828
0.00027489662170410156
0.000232696533203125
0.00020265579223632812
0.00025391578674316406
0.0002503395080566406
0.000232696533203125
0.00025725364685058594
0.000255584716796875
0.0002598762512207031
0.0003540515899658203
0.00025463104248046875
0.0002548694610595703
0.0002491474151611328
0.0002980232238769531
0.00025343894958496094
0.0002589225769042969
0.0002586841583251953
0.0002512931823730469
0.00023555755615234375
0.0002582073211669922
0.0002510547637939453
0.0002598762512207031
0.00025534629821777344
0.000278472900390625
0.00022339820861816406
0.0002472400665283203
0.00022792816162109375
0.0002601146697998047
0.00022363662719726562
0.0002434253692626953
0.0002601146697998047
0.0002467632293701172
0.0002617835998535156
0.0002579689025878906
0.00024175643920898438
0.00023293495178222656
0.00025081634521484375
0.0002548694610595703
0.00025963783264160156
0.0002512931823730469
0.0002357959747314453
0.0002627372741699219
0.000186920166015625
0.00024580955505371094
0.00024390220642089844
0.00026226043701171875
0.00024890899658203125
0.00023603439331054688
0.0002624988555908203
0.0002429485321044922
0.00025582313537597656
0.0002734661102294922
0.0002467632293701172
0.0002200603485107422
0.000217437744140625
0.0003154277801513672
0.00020456314086914062
0.00025653839111328125
0.00022530555725097656
0.00023412704467773438
0.00025582313537597656
0.00023937225341796875
0.00022745132446289062
0.0002589225769042969
0.0027904510498046875
0.00024962425231933594
0.0002510547637939453
0.00022673606872558594
0.00019168853759765625
0.00024080276489257812
0.00504612922668457
0.0002231597900390625
0.00020241737365722656
0.011385202407836914
0.00021386146545410156
0.007405281066894531
0.00022649765014648438
0.00021457672119140625
0.00017118453979492188
0.010377645492553711
0.00017881393432617188
0.0002067089080810547
0.00020432472229003906
0.00021791458129882812
0.0001938343048095703
0.00023746490478515625
0.0002808570861816406
0.00016641616821289062
0.00023818016052246094
0.011791229248046875
0.0002231597900390625
0.00012564659118652344
0.00020694732666015625
0.00021195411682128906
0.00017189979553222656
0.00023055076599121094
0.00021958351135253906
0.0001919269561767578
0.015420675277709961
0.000217437744140625
0.00021958351135253906
0.000213623046875
0.01599717140197754
0.0002155303955078125
0.0002377033233642578
0.015613079071044922
0.0002334117889404297
0.0001983642578125
0.00019979476928710938
0.0001857280731201172
0.00018548965454101562
0.00021600723266601562
0.00020623207092285156
0.01822829246520996
0.00022745132446289062
0.00022530555725097656
0.00023126602172851562
0.00020194053649902344
0.0002040863037109375
0.00020313262939453125
0.00022220611572265625
0.00021266937255859375
0.00020313262939453125
0.01794266700744629
0.00016641616821289062
0.0008800029754638672
0.00020551681518554688
0.0001842975616455078
0.0002484321594238281
0.00021409988403320312
0.01987481117248535
0.00021600723266601562
0.00024771690368652344
0.0002465248107910156
0.00024700164794921875
0.0002262592315673828
0.0002288818359375
0.00022840499877929688
0.00022482872009277344
0.0002338886260986328
0.00043702125549316406
0.00020170211791992188
0.00024366378784179688
0.00025463104248046875
0.00022673606872558594
0.0002155303955078125
0.0002543926239013672
0.00021076202392578125
0.0002627372741699219
0.0002701282501220703
0.0002334117889404297
0.00020647048950195312
0.0002162456512451172
0.0002048015594482422
0.00022673606872558594
0.00022983551025390625
0.00022673606872558594
0.0002257823944091797
0.00022864341735839844
0.00021266937255859375
0.00021791458129882812
0.00022363662719726562
0.011310338973999023
0.0002455711364746094
0.00022792816162109375
0.0002257823944091797
0.00026726722717285156
0.00020003318786621094
0.00020742416381835938
0.00023055076599121094
0.00020647048950195312
0.0002009868621826172
0.00019168853759765625
0.0001823902130126953
0.0001900196075439453
0.00017833709716796875
0.0001914501190185547
0.00018525123596191406
0.00018072128295898438
0.00021576881408691406
0.00017452239990234375
0.0002002716064453125
0.014806747436523438
0.00012564659118652344
0.00020599365234375
0.0002281665802001953
0.00019884109497070312
0.00019240379333496094
0.0001983642578125
0.0001995563507080078
0.00018858909606933594
0.0002605915069580078
0.021890640258789062
0.00022864341735839844
0.0002117156982421875
0.00011587142944335938
0.00019216537475585938
0.0001895427703857422
0.00020051002502441406
0.00020837783813476562
0.00020837783813476562
0.0001933574676513672
0.00019812583923339844
0.00019598007202148438
0.00018310546875
0.00018835067749023438
0.0001766681671142578
0.0001838207244873047
0.0001838207244873047
0.00021576881408691406
0.021867752075195312
0.0002548694610595703
0.00015592575073242188
0.00020122528076171875
0.00017023086547851562
0.00015854835510253906
0.00022792816162109375
0.00018215179443359375
0.00017023086547851562
0.00011277198791503906
0.00017189979553222656
0.00019216537475585938
0.00018978118896484375
0.00021028518676757812
0.017920970916748047
0.00021409988403320312
0.00017213821411132812
0.0001633167266845703
0.021870136260986328
0.0001785755157470703
0.021484851837158203
0.0002033710479736328
0.00020694732666015625
0.00017833709716796875
0.00017380714416503906
0.00016880035400390625
0.0001938343048095703
0.02223062515258789
0.00018739700317382812
0.0001747608184814453
0.00017595291137695312
0.00016546249389648438
0.0001742839813232422
0.00017881393432617188
0.0001659393310546875
0.0001919269561767578
0.020011186599731445
0.00019359588623046875
0.00017380714416503906
0.0002105236053466797
0.0002295970916748047
0.0002651214599609375
0.00014543533325195312
0.0002086162567138672
0.00022602081298828125
0.0002257823944091797
0.00021338462829589844
0.00022363662719726562
0.00020456314086914062
0.00019431114196777344
0.0002086162567138672
0.00020575523376464844
0.00022149085998535156
0.00019812583923339844
0.00019550323486328125
0.00022745132446289062
0.00014209747314453125
0.000179290771484375
0.0002143383026123047
0.00022721290588378906
0.00017642974853515625
0.00020837783813476562
0.0001323223114013672
0.0001919269561767578
0.0001933574676513672
0.0002551078796386719
0.00020956993103027344
0.00018978118896484375
0.00018835067749023438
0.0001900196075439453
0.0001857280731201172
0.00019025802612304688
0.00021219253540039062
0.00020051002502441406
0.0002269744873046875
0.0001990795135498047
0.0002117156982421875
0.00021076202392578125
0.00021505355834960938
0.0002040863037109375
0.00022649765014648438
0.00022125244140625
0.00021004676818847656
0.00022745132446289062
0.0002200603485107422
0.0001888275146484375
0.0001881122589111328
0.00026488304138183594
0.0002110004425048828
0.00022912025451660156
0.02273726463317871
0.00013065338134765625
0.00018739700317382812
0.000213623046875
0.0002071857452392578
0.0002186298370361328
0.00019621849060058594
0.00021648406982421875
0.00020241737365722656
0.00019693374633789062
0.00020384788513183594
0.0002288818359375
0.00019741058349609375
0.0002446174621582031
0.0002536773681640625
0.00020575523376464844
0.00020432472229003906
0.00019979476928710938
0.00021600723266601562
0.0002110004425048828
0.00019812583923339844
0.0002117156982421875
0.00020599365234375
0.00018167495727539062
0.0001888275146484375
0.0001926422119140625
0.0001811981201171875
0.00023412704467773438
0.00022840499877929688
0.00020194053649902344
0.0002391338348388672
0.0001895427703857422
0.00018405914306640625
0.0002148151397705078
0.00019979476928710938
0.000186920166015625
0.00021338462829589844
0.00011181831359863281
0.00019359588623046875
0.00021386146545410156
0.0002162456512451172
0.0002651214599609375
0.00030231475830078125
0.0002048015594482422
0.0002117156982421875
0.0002162456512451172
0.00021266937255859375
0.00019311904907226562
0.0002167224884033203
0.00019598007202148438
0.0001823902130126953
0.00018858909606933594
0.00020694732666015625
0.00020551681518554688
0.00022745132446289062
0.00021266937255859375
0.00021982192993164062
0.00018978118896484375
0.0001838207244873047
0.00024271011352539062
0.00017333030700683594
0.02223491668701172
0.0001976490020751953
0.00016117095947265625
0.00022101402282714844
0.00020647048950195312
0.00021028518676757812
0.00025153160095214844
0.00019168853759765625
0.00021004676818847656
0.005731105804443359
0.00022459030151367188
0.00018167495727539062
0.0001926422119140625
0.0001876354217529297
0.00027108192443847656
0.02224898338317871
0.00022101402282714844
0.00017714500427246094
0.00019431114196777344
0.0001780986785888672
0.00022673606872558594
0.00021910667419433594
0.0002067089080810547
0.00012922286987304688
0.00019311904907226562
0.00022673606872558594
0.000179290771484375
0.00022411346435546875
0.00025343894958496094
0.00020694732666015625
0.00017213821411132812
0.00018548965454101562
0.00017833709716796875
0.00017499923706054688
0.022248268127441406
0.0002079010009765625
0.00020170211791992188
0.00017905235290527344
0.00020647048950195312
0.00019049644470214844
0.00021147727966308594
0.0002040863037109375
0.0001995563507080078
0.0001838207244873047
0.00019431114196777344
0.00019550323486328125
0.00019741058349609375
0.02225327491760254
0.0001442432403564453
0.0002110004425048828
0.00014281272888183594
0.00018167495727539062
0.00019288063049316406
0.0001418590545654297
0.00018167495727539062
0.0002269744873046875
0.00017905235290527344
0.0001671314239501953
0.00019431114196777344
0.00022077560424804688
0.0002422332763671875
0.004388332366943359
0.0002079010009765625
0.0002048015594482422
0.0001990795135498047
0.00016832351684570312
0.0002143383026123047
0.00017309188842773438
0.00020194053649902344
0.022487640380859375
0.00017380714416503906
0.00019121170043945312
0.0001704692840576172
7.581710815429688e-05
0.00027942657470703125
0.00018525123596191406
0.00019502639770507812
0.00018286705017089844
0.00019860267639160156
0.0001919269561767578
0.0001690387725830078
0.0002124309539794922
0.00018167495727539062
0.000225067138671875
0.00021266937255859375
7.891654968261719e-05
0.00018906593322753906
0.00016760826110839844
0.00017571449279785156
0.00018596649169921875
0.0002505779266357422
0.0002110004425048828
0.00012540817260742188
0.00019884109497070312
0.00019741058349609375
0.00017690658569335938
0.00018906593322753906
0.0001914501190185547
0.00017142295837402344
0.00019168853759765625
0.00020313262939453125
0.00018835067749023438
0.00019097328186035156
0.00018835067749023438
0.00020074844360351562
0.00018358230590820312
0.0003027915954589844
0.0001838207244873047
0.0001747608184814453
0.02232193946838379
0.00020384788513183594
0.0001819133758544922
0.00018215179443359375
0.022220611572265625
0.00018644332885742188
0.00022172927856445312
0.022234201431274414
0.00018715858459472656
0.00017547607421875
0.00022482872009277344
0.00019288063049316406
0.00016832351684570312
0.00013637542724609375
0.0001876354217529297
0.0002090930938720703
0.0002143383026123047
0.022206783294677734
0.00019407272338867188
0.0001785755157470703
0.0001800060272216797
0.0001690387725830078
0.00019788742065429688
0.0002040863037109375
0.0001838207244873047
0.0001761913299560547
0.0001285076141357422
0.0001308917999267578
0.0001423358917236328
0.00010013580322265625
0.00013637542724609375
0.00016736984252929688
0.0001475811004638672
0.00014472007751464844
0.0001575946807861328
0.0001628398895263672
0.00018072128295898438
0.00018286705017089844
0.00017881393432617188
0.0001723766326904297
0.0001246929168701172
0.00021648406982421875
0.0001575946807861328
0.022188663482666016
0.00010204315185546875
0.022256851196289062
0.00014328956604003906
0.00016188621520996094
0.0001552104949951172
0.0001780986785888672
0.00016498565673828125
0.00014090538024902344
0.00014972686767578125
0.00019025802612304688
0.00018358230590820312
0.00016617774963378906
0.00014972686767578125
0.00014066696166992188
0.00016498565673828125
0.0001761913299560547
0.0001678466796875
0.0001938343048095703
0.00018858909606933594
0.0001888275146484375
0.00019502639770507812
0.00015544891357421875
0.00019693374633789062
0.0001556873321533203
0.00017023086547851562
0.0002079010009765625
0.00015211105346679688
0.0001499652862548828
0.00018906593322753906
0.00022745132446289062
0.00019049644470214844
0.00018310546875
0.00016546249389648438
0.0001571178436279297
0.00016880035400390625
0.00016450881958007812
0.00018739700317382812
0.00018358230590820312
0.00018906593322753906
0.00017642974853515625
0.00018334388732910156
0.0001652240753173828
8.916854858398438e-05
0.0001723766326904297
0.000164031982421875
0.00017571449279785156
0.00016641616821289062
0.0001583099365234375
0.00016832351684570312
0.02208232879638672
0.00017189979553222656
0.0001518726348876953
0.0001842975616455078
0.00016689300537109375
0.0001804828643798828
0.0001628398895263672
0.00018262863159179688
0.00014400482177734375
0.00019598007202148438
0.00016546249389648438
0.00016760826110839844
0.0002079010009765625
0.00017833709716796875
0.02222442626953125
0.0001933574676513672
0.00018715858459472656
0.00016117095947265625
0.00013637542724609375
0.00017333030700683594
0.00018548965454101562
0.00017070770263671875
0.00015616416931152344
0.00017642974853515625
0.00015473365783691406
0.00016427040100097656
0.00014972686767578125
0.0001659393310546875
0.00015425682067871094
0.0001690387725830078
0.00017452239990234375
0.00018310546875
0.00016427040100097656
0.00016546249389648438
0.00018095970153808594
0.00016355514526367188
0.00018835067749023438
0.00015234947204589844
0.00017595291137695312
0.00015211105346679688
0.0001590251922607422
0.0001678466796875
0.00016808509826660156
0.00016880035400390625
0.00017213821411132812
0.00017762184143066406
0.00017952919006347656
5.650520324707031e-05
5.364418029785156e-05
0.0001590251922607422
0.00018644332885742188
0.00014972686767578125
0.00014829635620117188
0.0002560615539550781
0.0001838207244873047
0.00015854835510253906
0.00015282630920410156
0.00016307830810546875
0.0001697540283203125
0.00016379356384277344
0.00013875961303710938
0.0001728534698486328
0.00014162063598632812
0.00016760826110839844
0.000141143798828125
0.00010442733764648438
0.00017404556274414062
0.00013756752014160156
0.00015854835510253906
0.000133514404296875
0.00017142295837402344
0.0001800060272216797
0.0001659393310546875
0.00014209747314453125
0.0001354217529296875
0.0001704692840576172
0.00016999244689941406
0.00014281272888183594
0.00015592575073242188
0.000133514404296875
0.000148773193359375
0.00014448165893554688
0.0001442432403564453
0.0001347064971923828
0.0001347064971923828
0.00017762184143066406
0.00019669532775878906
0.00023555755615234375
0.0001418590545654297
0.0001614093780517578
0.00015997886657714844
0.0001876354217529297
