0.356140
0.030929
0.032016
0.033343
0.034208
0.034455
0.034121
0.034371
0.034805
0.035198
0.035433
0.035753
0.035503
0.035223
0.037649
0.035381
0.035699
0.035536
0.035655
0.035468
0.035542
0.035585
0.035466
0.035264
0.035485
0.035561
0.035502
0.035154
0.035548
0.035110
0.035984
0.060780
0.036319
0.035463
0.035908
0.062485
0.036562
0.035533
0.035753
0.035811
0.035550
0.036070
0.035919
0.035894
0.036291
0.035812
0.035886
0.036092
0.036133
0.036248
0.035895
0.035606
0.036014
0.036127
0.035669
0.036076
0.035593
0.036043
0.036479
0.036083
0.035774
0.036322
0.036111
0.036423
0.035457
0.067418
0.039023
0.037179
0.036392
0.036284
0.036003
0.035924
0.036360
0.067758
0.035994
0.036286
0.035853
0.036495
0.036545
0.035869
0.036238
0.035968
0.035928
0.035871
0.035791
0.036083
0.036077
0.036032
0.035702
0.035832
0.036005
0.036340
0.036032
0.036022
0.036064
0.036245
0.036204
0.035533
0.035696
0.035819
0.036052
0.036993
0.035987
0.035892
0.035820
0.035642
0.036234
0.035550
0.036021
0.035818
0.035912
0.036134
0.036133
0.036412
0.036020
0.035951
0.035973
0.036265
0.036013
0.035963
0.036181
0.035861
0.036054
0.036155
0.036285
0.035496
0.035970
0.036001
0.035666
0.035806
0.035497
0.035812
0.036750
0.035714
0.035609
0.036757
0.036366
0.035953
0.036053
0.036005
0.035895
0.036083
0.036316
0.036126
0.035739
0.036179
0.035665
0.035999
0.035588
0.035930
0.035988
0.036021
0.036600
0.034622
0.034091
0.034539
0.035611
0.034814
0.035857
0.034519
0.035021
0.036061
0.035398
0.034401
0.034200
0.034531
0.035529
0.036411
0.036906
0.036480
0.036566
0.037681
0.036598
0.036769
0.036686
0.036423
0.036404
0.036446
0.036387
0.036045
0.036089
0.035986
0.036580
0.036191
0.036988
0.036570
0.036304
0.036372
0.036395
0.035900
0.036144
0.036226
0.036389
0.035904
0.037034
0.036296
0.036541
0.036437
0.036464
0.036641
0.036492
0.036545
0.036322
0.036531
0.036943
0.070780
0.036030
0.036515
0.036268
0.036435
0.036606
0.037200
0.036163
0.032829
0.032041
0.030534
0.034227
0.031161
0.032240
0.063065
0.034379
0.034388
0.035691
0.034542
0.034520
0.034547
0.034527
0.034579
0.068080
0.033983
0.032222
0.032332
0.032357
0.032774
0.033267
0.033302
0.034801
0.034353
0.034686
0.035913
0.036179
0.036183
0.036276
0.036656
0.036413
0.036685
0.036848
0.036139
0.036273
0.036200
0.036043
0.036289
0.036371
0.036279
0.036345
0.036458
0.036295
0.061849
0.035923
0.036289
0.036005
0.035975
0.036348
0.036187
0.036418
0.035882
0.036051
0.036001
0.035906
0.036015
0.035901
0.036106
0.036159
0.055501
0.055320
0.056340
0.034283
0.034321
0.034653
0.034308
0.034273
0.034369
0.034255
0.033872
0.036863
0.034923
0.035371
0.034903
0.065207
0.035350
0.034545
0.034967
0.035601
0.035117
0.034922
0.034309
0.034582
0.035230
0.034781
0.035329
0.069295
0.035643
0.066595
0.035668
0.035018
0.051637
0.035125
0.035100
0.035817
0.035644
0.035696
0.035332
0.035332
0.035280
0.035217
0.068365
0.035764
0.068738
0.064547
0.034535
0.056194
0.035984
0.067820
0.035489
0.035718
0.035290
0.056011
0.034221
0.068550
0.034043
0.033904
0.033868
0.033784
0.033978
0.034178
0.033782
0.034040
0.034546
0.034829
0.035368
0.035939
0.036132
0.036165
0.036192
0.035593
0.035482
0.035802
0.035781
0.035170
0.036273
0.036285
0.035532
0.035558
0.035670
0.035666
0.035490
0.035483
0.034992
0.035496
0.036337
0.036297
0.035846
0.035799
0.035794
0.035110
0.035708
0.035686
0.035266
0.035274
0.035484
0.035425
0.034940
0.035452
0.035447
0.035462
0.035784
0.035316
0.035844
0.035834
0.035644
0.035635
0.035697
0.035685
0.035283
0.035239
0.035679
0.037674
0.037310
0.037282
0.036940
0.036693
0.037172
0.037345
0.036923
0.070081
0.036288
0.036207
0.035912
0.036016
0.035978
0.036399
0.035707
0.036010
0.036112
0.035853
0.035525
0.036039
0.036085
0.036261
0.035604
0.035778
0.035795
0.037612
0.035612
0.035566
0.035760
0.036108
0.036334
0.035828
0.037796
0.036265
0.036489
0.036036
0.035825
0.035994
0.036167
0.035915
0.035843
0.036137
0.035807
0.035834
0.036042
0.035812
0.035599
0.035832
0.035592
0.035969
0.036034
0.035623
0.035853
0.035638
0.035827
0.036217
0.035949
0.036332
0.036190
0.035858
0.036055
0.035954
0.036206
0.036108
0.035592
0.036138
0.036027
0.036428
0.069550
0.035950
0.036351
0.035859
0.035777
0.040588
0.035448
0.035895
0.035788
0.067790
0.036108
0.035855
0.035870
0.035882
0.036370
0.068857
0.036029
0.067664
0.035575
0.036001
0.036372
0.036035
0.035939
0.070030
0.035602
0.035913
0.036279
0.035784
0.035951
0.036404
0.035899
0.036134
0.035748
0.035816
0.059603
0.036213
0.035741
0.035949
0.035878
0.035597
0.035837
0.035573
0.035669
0.036530
0.035955
0.036012
0.035991
0.059133
0.036073
0.035591
0.035649
0.036041
0.036304
0.066689
0.036209
0.035837
0.035893
0.036049
0.036052
0.035785
0.036222
0.067394
0.035676
0.035733
0.035772
0.036569
0.036069
0.036108
0.035984
0.067499
0.040033
0.035868
0.035950
0.038311
0.035995
0.036079
0.036053
0.035773
0.035892
0.035619
0.035980
0.035890
0.036293
0.036000
0.036300
0.035785
0.036347
0.036080
0.050370
0.035918
0.036057
0.036476
0.035706
0.035604
0.035545
0.035702
0.035549
0.035713
0.035876
0.035700
0.035507
0.035855
0.035826
0.035638
0.035938
0.036062
0.035881
0.036071
0.035851
0.064802
0.035794
0.035600
0.036161
0.067815
0.036379
0.036036
0.068468
0.036089
0.035801
0.035822
0.035745
0.035821
0.035925
0.035383
0.035697
0.035445
0.060271
0.035844
0.035323
0.035990
0.035888
0.035588
0.035833
0.035962
0.035693
0.035618
0.035898
0.035954
0.035432
0.041410
0.035492
0.035833
0.035963
0.035911
0.035731
0.035577
0.035916
0.035673
0.036061
0.035944
0.036156
0.035796
0.069042
0.038764
0.054286
0.039512
0.035497
0.035938
0.035866
0.035564
0.035787
0.035964
0.035872
0.035743
0.036043
0.036234
0.036450
0.036125
0.035446
0.035958
0.035690
0.035426
0.035882
0.035878
0.036332
0.036593
0.037106
0.036227
0.035704
0.035983
0.035895
0.036126
0.035815
0.035934
0.036012
0.036112
0.035817
0.035838
0.035993
0.035850
0.035852
0.035512
0.035888
0.035883
0.036047
0.035921
0.036042
0.035812
0.035838
0.035989
0.035950
0.035839
0.063662
0.036065
0.035760
0.035832
0.035893
0.036198
0.035767
0.036494
0.035913
0.036412
0.035674
0.035989
0.035707
0.036208
0.061831
0.035829
0.035704
0.035859
0.056326
0.035398
0.037206
0.036322
0.035885
0.035860
0.035817
0.036468
0.035472
0.035734
0.035793
0.038737
0.035947
0.035713
0.035701
0.035959
0.035857
0.035879
0.035959
0.036676
0.035920
0.036130
0.035994
0.035923
0.036171
0.035921
0.035476
0.035766
0.035893
0.038374
0.036591
0.036409
0.035589
0.035779
0.035913
0.035724
0.036137
0.036110
0.036803
0.035448
0.036004
0.035891
0.036080
0.035749
0.035773
0.035736
0.035953
0.035825
0.035654
0.035841
0.036341
0.035884
0.035741
0.035687
0.035687
0.036009
0.035912
0.036591
0.035584
0.035904
0.036499
0.035834
0.036113
0.035714
0.036047
0.035776
0.035716
0.035754
0.035694
0.035723
0.035972
0.036607
0.036247
0.035846
0.036010
