0.033521
0.027952
0.028722
0.036047
0.038087
0.039006
0.036286
0.037815
0.039993
0.036679
0.036526
0.035986
0.036865
0.035436
0.039528
0.036853
0.036156
0.040948
0.036523
0.037816
0.037502
0.037440
0.038414
0.038754
0.042135
0.038351
0.040749
0.042757
0.040561
0.038945
0.039101
0.040898
0.040065
0.039634
0.039427
0.038695
0.041457
0.039851
0.039837
0.038515
0.041876
0.040101
0.040985
0.039139
0.039356
0.039071
0.039269
0.039398
0.044375
0.041457
0.038840
0.040897
0.038941
0.071000
0.039617
0.033819
0.033316
0.032974
0.033363
0.035441
0.031333
0.038268
0.039161
0.036177
0.038866
0.036510
0.042572
0.040037
0.038968
0.038261
0.039175
0.039750
0.040604
0.039661
0.038601
0.040900
0.039374
0.039054
0.039123
0.039742
0.039144
0.039728
0.039190
0.040189
0.039783
0.041342
0.040457
0.043118
0.041330
0.040932
0.041965
0.041762
0.039115
0.041018
0.039549
0.042099
0.041934
0.039341
0.038796
0.039313
0.040816
0.039739
0.039021
0.039114
0.038818
0.039335
0.039945
0.039789
0.039456
0.039834
0.039733
0.038742
0.039672
0.038994
0.039389
0.039956
0.042236
0.039122
0.038621
0.040014
0.041245
0.038957
0.040652
0.039732
0.040106
0.041384
0.040332
0.039516
0.040105
0.039120
0.039083
0.038649
0.039374
0.038875
0.041525
0.039873
0.038695
0.041617
0.038920
0.040098
0.038894
0.039665
0.039475
0.038714
0.039257
0.040536
0.039142
0.038542
0.039290
0.038893
0.038981
0.040550
0.039636
0.039082
0.039892
0.040156
0.039746
0.038630
0.039194
0.039980
0.041581
0.039116
0.038912
0.039232
0.039408
0.038337
0.038834
0.038827
0.039684
0.040084
0.040199
0.040853
0.040454
0.039142
0.039107
0.039128
0.038802
0.038769
0.040769
0.040939
0.038366
0.039428
0.043625
0.039990
0.040272
0.039118
0.043783
0.038749
0.040874
0.042017
0.041060
0.041573
0.039104
0.037510
0.038528
0.038645
0.039953
0.040447
0.043371
0.044389
0.044008
0.044042
0.040392
0.039590
0.040991
0.039010
0.041426
0.043540
0.045942
0.043367
0.044365
0.043664
0.044420
0.044801
0.046861
0.044201
0.037841
0.039441
0.037562
0.039440
0.037146
0.039490
0.039395
0.040612
0.040936
0.040605
0.038295
0.036139
0.037019
0.038818
0.038208
0.038417
0.044776
0.044636
0.045310
0.044861
0.039633
0.040810
0.039653
0.039685
0.042409
0.046046
0.044057
0.043525
0.043881
0.042495
0.040966
0.040240
0.040726
0.039090
0.039420
0.039072
0.036824
0.039256
0.038025
0.047079
0.046552
0.044399
0.045010
0.045786
0.045673
0.045405
0.044393
0.046637
0.040291
0.042568
0.039743
