0.027147
0.026585
0.026838
0.026650
0.026670
0.026681
0.026702
0.026540
0.026701
0.026665
0.026894
0.026889
0.026664
0.026652
0.026625
0.026658
0.026664
0.026595
0.026625
0.026650
0.026635
0.026656
0.026648
0.026599
0.026666
0.026674
0.026548
0.026775
0.026761
0.026939
0.026748
0.026743
0.026881
0.026684
0.026256
0.026751
0.026718
0.026762
0.026746
0.026756
0.026779
0.026759
0.026760
0.026891
0.026779
0.026742
0.026785
0.026778
0.027108
0.026855
0.026804
0.026802
0.026936
0.026908
0.026800
0.026799
0.026908
0.026800
0.026719
0.026815
0.026717
0.026780
0.026848
0.026908
0.026819
0.026845
0.026788
0.026742
0.026806
0.026796
0.026915
0.026783
0.026788
0.026790
0.026812
0.026860
0.026796
0.026752
0.026788
0.026779
0.026794
0.026757
0.026799
0.026776
0.026818
0.026800
0.026889
0.026670
0.026704
0.026753
0.026794
0.026759
0.026772
0.026781
0.026795
0.026796
0.026856
0.026813
0.026793
0.026761
0.026962
0.026820
0.026788
0.026773
0.026822
0.026921
0.026797
0.026809
0.026798
0.026821
0.026798
0.026825
0.026838
0.026747
0.026766
0.026871
0.026784
0.026751
0.026817
0.026749
0.026918
0.026837
0.026781
0.026736
0.026847
0.026875
0.026778
0.026791
0.026747
0.026735
0.026767
0.026750
0.026838
0.026713
0.026711
0.026687
0.026690
0.026801
0.026806
0.026832
0.026798
0.026789
0.026780
0.026766
0.026798
0.026761
0.026859
0.026737
0.026797
0.026703
0.026874
0.026809
0.026795
0.026800
0.026809
0.026784
0.026852
0.026794
0.026797
0.026808
0.026687
0.026775
0.026797
0.026632
0.026733
0.026658
0.026777
0.026798
0.026633
0.026734
0.026751
0.026884
0.026731
0.026729
0.026767
0.026790
0.026745
0.026750
0.026781
0.026737
0.026832
0.026711
0.026727
0.026726
0.026772
0.026936
0.026757
0.026774
0.026841
0.026729
0.026731
0.026826
0.026748
0.026720
0.026662
0.026812
0.026713
0.026649
0.026726
0.026695
0.026699
0.026745
0.026595
0.026667
0.026695
0.026720
0.026639
0.026640
0.026577
0.026789
0.026604
0.026692
0.026658
0.026630
0.026577
0.026687
0.026677
0.026878
0.026758
0.026797
0.026667
0.026804
0.026746
0.026845
0.026827
0.026732
0.026776
0.026743
0.026742
0.026730
0.026826
0.026743
0.026806
0.026655
0.026754
0.026750
0.026728
0.026751
0.026726
0.026814
0.026722
0.026740
0.026775
0.026775
0.026826
0.026807
0.026700
0.026773
0.026705
0.026861
0.026778
0.026767
0.026704
0.026780
0.026761
0.026778
0.026769
0.026731
0.026756
0.026816
0.026747
0.026736
0.026792
0.026731
0.026794
0.026742
0.026796
0.026747
0.026786
0.026901
0.026772
0.026768
0.026628
0.026595
0.026907
0.026666
0.026749
0.026747
0.026781
0.026766
0.026730
0.026854
0.026696
0.026756
0.026914
0.026759
0.026721
0.026813
0.026733
0.026906
0.026692
0.026674
0.026644
0.026612
0.026920
0.026655
0.026645
0.026711
0.026628
0.026682
0.026632
0.026618
0.026667
0.026699
0.026714
0.026737
0.026763
0.026786
0.026773
0.026864
0.026733
0.026795
0.026689
0.026739
0.026748
0.026746
0.026755
0.026815
0.026715
0.026763
0.026732
0.026734
0.026757
0.026703
0.026578
0.026784
0.026740
0.026742
0.026774
0.026731
0.026761
0.026738
0.026759
0.026737
0.026731
0.026720
0.026723
0.026705
0.026911
0.026758
0.026731
0.026746
0.026675
0.026764
0.026718
0.026795
0.026779
0.026638
0.026860
0.026741
0.026750
0.026720
0.026734
0.026860
0.026780
0.026835
0.026755
0.026755
0.026769
0.026760
0.026739
0.026703
0.026756
0.026886
0.026784
0.026749
0.026755
0.026734
0.026925
0.026729
0.027030
0.026726
0.026757
0.026736
0.026796
0.026728
0.026776
0.026705
0.026757
0.026772
0.026824
0.026783
0.026709
0.026765
0.026708
0.026771
0.026662
0.026741
0.026734
0.026715
0.026709
0.026826
0.026837
0.026794
0.026748
0.026734
0.026773
0.026717
0.026719
0.026711
0.026733
0.026796
0.026727
0.026771
0.026752
0.026763
0.026729
0.026715
0.026654
0.026748
0.026722
0.026747
0.026734
0.026728
0.026705
0.026644
0.026855
0.026700
0.026680
0.026737
0.026785
0.026728
0.026810
0.026743
0.026709
0.026724
0.026723
0.026801
0.026657
0.026631
0.026661
0.026634
0.026719
0.026711
0.026738
0.026842
0.026679
0.026725
0.026703
0.026690
0.026680
0.026758
0.026703
0.026782
0.026691
0.026760
0.026624
0.026613
0.026558
0.026581
0.026649
0.026678
0.026674
0.026657
0.026631
0.026787
0.026646
0.026584
0.026664
0.026591
0.026582
0.026656
0.026580
0.026650
0.026624
0.026604
0.026632
0.026581
0.026663
0.026738
0.026749
0.026779
0.026701
0.026740
0.026767
0.026733
0.026686
0.026715
0.026782
0.026705
0.026732
0.026740
0.026720
0.026714
0.026751
0.026841
0.026696
0.026766
0.026772
0.026644
0.026526
0.026741
0.026732
0.026706
0.026766
0.026695
0.026804
0.026711
0.026749
0.026725
0.026854
0.026755
0.026690
0.026740
0.026828
0.026740
0.026704
0.026747
0.026636
0.026552
0.026664
0.026675
0.026719
0.026699
0.026716
0.026688
0.026716
0.026738
0.026720
0.026740
0.026729
0.026730
0.026750
0.026694
0.026600
0.026785
0.026639
0.026948
0.026662
0.026658
0.026629
0.026875
0.026700
0.026566
0.026608
0.026554
0.026500
0.026556
0.026700
0.026670
0.026672
0.026889
0.026687
0.026661
0.026638
0.026659
0.026802
0.026760
0.026715
0.026633
0.026688
0.026613
0.026784
0.026626
0.026660
0.026631
0.026598
0.026644
0.026626
0.026597
0.026643
0.026618
0.026645
0.026618
0.026602
0.026613
0.026570
0.026597
0.026622
0.026570
0.026634
0.026838
0.026619
0.026609
0.026627
0.026617
0.026630
0.026621
0.026606
0.026542
0.026588
0.026772
0.026685
0.026617
0.026606
0.026556
0.026510
0.026505
0.026522
0.026565
0.026534
0.026512
0.026519
0.026524
0.026501
0.026520
0.026515
0.026504
0.026596
0.026506
0.026690
0.027103
0.026510
0.026526
0.026475
0.026563
0.026506
0.026500
0.026497
0.026523
0.026515
0.026603
0.026497
0.026475
0.026586
0.026552
0.026501
0.026591
0.026489
0.026503
0.026552
0.026644
0.026500
0.026476
0.026524
0.026476
0.026532
0.026540
0.026504
0.026525
0.026497
0.026535
0.026508
0.026523
0.026528
0.026539
0.026510
0.026552
0.026569
0.026502
0.026499
0.026495
0.026561
0.026519
0.026544
0.026478
0.026496
0.026475
0.026537
0.026716
0.026546
0.026490
0.026513
0.026505
0.026526
0.026495
0.026525
0.026544
0.026540
0.026497
0.026521
0.026516
0.026547
0.026645
0.026528
0.026502
0.026523
0.026523
0.026605
0.026518
0.026599
0.026620
0.026602
0.026610
0.026627
0.026623
0.026602
0.026590
0.026709
0.026772
0.026623
0.026613
0.026639
0.026595
0.026703
0.026566
0.026489
0.026518
0.026491
0.026523
0.026456
0.026589
0.026609
0.026808
0.026632
0.026600
0.026723
0.026477
0.026527
0.026541
0.026510
0.026504
0.026514
0.026680
0.026492
0.026647
0.026607
0.026507
0.026475
0.026504
0.026570
0.026564
0.026566
0.026694
0.026545
0.026499
0.026478
0.026503
0.026512
0.026533
0.026551
0.026533
0.026558
0.026537
0.026552
0.026465
0.026520
0.026526
0.026586
0.026498
0.026517
0.026530
0.026511
0.026495
0.026684
0.026561
0.026483
0.026518
0.026478
0.026551
0.026516
0.026516
0.026529
0.026506
0.026530
0.026519
0.026502
0.026665
0.026492
0.026500
0.026546
0.026503
0.026522
0.026522
0.026504
0.026500
0.026511
0.026490
0.026672
0.026515
0.026500
0.026463
0.026516
0.026606
0.026536
0.026498
0.026483
0.026493
0.026531
0.026510
0.026497
0.026589
0.026609
0.026568
0.026657
0.026645
0.026573
0.026585
0.026686
0.026580
0.026631
0.026607
0.026615
0.026643
0.026610
0.026586
0.026601
0.026786
0.026581
0.026617
0.026527
0.026500
0.026514
0.026487
0.026524
0.026475
0.026519
0.026627
0.026500
0.026507
0.026455
0.026518
0.026512
0.026531
0.026486
0.026525
0.026522
0.026520
0.026512
0.026531
0.026628
0.026467
0.026515
0.026535
0.026486
0.026609
0.026730
0.026513
0.026488
0.026525
0.026563
0.026573
0.026507
0.026500
0.026495
0.026511
0.026837
0.026521
0.026612
0.026531
0.026576
0.026647
0.026594
0.026599
0.026638
0.026592
0.026951
0.026813
0.026813
0.026817
0.026893
0.026724
0.026747
0.026751
0.026745
0.026881
0.026753
0.026676
0.026668
0.026629
0.026684
0.026707
0.026683
0.026766
0.026702
0.026868
0.026702
0.026605
0.026651
0.026486
0.026726
0.026530
0.026619
0.026470
0.026583
0.026517
0.026611
0.026524
0.026636
0.026557
0.026599
0.026600
0.026606
0.026987
0.026783
0.026864
0.026804
0.026802
0.026628
0.026701
0.026671
0.026808
0.026714
0.026782
0.026735
0.026773
0.026999
0.026675
0.026765
0.026674
0.026835
0.026927
0.026713
0.026720
0.026914
0.026826
0.026803
0.026743
0.026702
0.026806
0.026806
0.026775
0.026623
0.026766
0.026621
0.026767
0.026778
0.026775
0.026844
0.026755
0.026728
0.026792
0.026713
0.026764
0.026817
0.026844
0.026950
0.026775
0.026742
0.026721
0.026872
0.026580
0.026726
0.026711
0.026721
0.026747
0.026922
0.026587
0.026614
0.026573
0.026591
0.026575
0.026570
0.026595
0.026632
0.026597
0.026549
0.026585
0.026591
0.026592
0.026618
0.026771
0.026650
0.026589
0.026527
0.026599
0.026664
0.026611
0.026623
0.026600
0.026625
0.026632
0.026553
0.026616
0.026604
0.026617
0.026666
0.026577
0.026605
0.026607
0.026590
0.026681
0.026758
0.026631
0.026526
0.026613
0.026467
0.026714
0.026597
0.026611
0.026629
0.026584
0.026618
0.026603
0.026595
0.026611
0.026616
0.026620
0.026625
0.026558
0.026684
0.026364
0.026267
0.026325
0.026495
0.026610
0.026538
0.026631
0.026519
0.026643
0.026582
0.026624
0.026632
0.026581
0.026565
0.026513
0.026628
0.026629
0.026736
0.026738
0.026697
0.026627
0.026630
0.026558
0.026584
0.026745
0.026603
0.026593
0.026574
0.026613
0.026741
0.026599
0.026526
0.026648
0.026563
0.026588
0.026613
0.026527
0.026626
0.026801
0.026628
0.026637
0.026624
0.026491
0.026631
0.026671
0.026448
0.026582
0.026562
0.026622
0.026580
0.026603
0.026598
0.026570
0.026574
0.026592
0.026589
0.026601
0.026599
0.026529
0.026561
0.026578
0.026597
0.026670
0.026608
0.026579
0.026567
0.026587
0.026724
0.026613
0.026592
0.026554
0.026622
0.026576
0.026683
0.026643
0.026596
0.026748
0.026587
0.026580
0.026573
0.026593
0.026584
0.026587
0.026624
0.026603
0.026629
0.026771
0.026601
0.026613
0.026608
0.026574
0.026696
0.026631
0.026628
0.026554
0.026622
0.026575
0.026588
0.026569
0.026757
0.026566
0.026573
0.026514
0.026589
0.026626
0.026611
0.026583
0.026639
0.026579
0.026712
0.026550
0.026530
0.026631
0.026470
0.026719
0.026559
0.026591
0.026564
0.026667
0.026606
0.026595
0.026536
0.026591
0.026594
0.026588
0.026571
0.026607
0.026649
0.026614
0.026549
0.026593
0.026587
0.026589
0.026567
0.026709
0.026672
0.026644
0.026727
0.026592
0.026634
0.026591
0.026720
0.026550
0.026559
0.026597
0.026588
0.026567
0.026597
0.026540
0.026541
0.026557
0.026569
0.026650
0.026578
0.026598
0.026599
0.026636
0.026597
0.026602
0.026609
0.026547
0.026627
0.026587
0.026696
0.026625
0.026612
0.026674
0.026522
0.026651
0.026572
0.026568
0.026665
0.026599
0.026600
0.026599
0.026658
0.026602
0.026556
0.026679
0.026715
0.026731
0.026598
0.026557
0.026571
0.026549
0.026533
0.026541
0.026619
0.026572
0.026659
0.026793
0.026657
0.026603
0.026619
0.026635
0.026620
0.026674
0.026602
0.026616
0.026655
0.026623
0.026676
0.026790
0.026556
0.026512
0.026586
0.026524
0.026539
0.026517
0.026541
0.026515
0.026573
0.026592
0.026657
0.026643
0.026632
0.026645
0.026626
0.026708
0.026604
0.026621
0.026612
0.026585
0.026654
0.026689
0.026664
0.026627
0.026624
0.026597
0.026556
0.026585
0.026517
0.026505
0.026522
0.026498
0.026540
0.026493
0.026536
0.026529
0.026478
0.026497
0.026471
0.026486
0.026495
0.026591
0.026563
0.026493
0.026663
0.026586
0.026554
0.026544
0.026532
0.026536
0.026536
0.026592
0.026638
0.026646
0.026530
0.026505
0.026520
0.026678
0.026514
0.026510
0.026536
0.026567
0.026551
0.026526
0.026538
0.026546
0.026524
0.026705
0.026492
0.026573
0.026453
0.026526
0.026677
0.026597
0.026668
0.026613
0.026585
0.026677
0.026545
0.026540
0.026551
0.026545
0.026488
0.026558
0.026519
0.026522
0.026489
0.026529
0.026483
0.026510
0.026527
0.026640
0.026518
0.026520
0.026533
0.026524
0.026663
0.026540
0.026531
0.026570
0.026474
0.026553
0.026567
0.026528
0.026520
0.026519
0.026531
0.026518
0.026748
0.026683
0.026586
0.026565
0.026590
0.026582
0.026539
0.026541
0.026565
0.026575
0.026517
0.026659
0.026531
0.026599
0.026520
0.026537
0.026535
0.026563
0.026597
0.026669
0.026618
0.026634
0.026675
0.026657
0.026553
0.026533
0.026540
0.026524
0.026597
0.026538
0.026596
0.026715
0.026577
0.026526
0.026542
0.026542
0.026533
0.026549
0.026565
0.026541
0.026567
0.026518
0.026524
0.026505
0.026522
0.026707
0.026628
0.026549
0.026550
0.026546
0.026578
0.026563
0.026564
0.026546
0.026636
0.026588
0.026563
0.026508
0.026542
0.026558
0.026555
0.026485
0.026571
0.026563
0.026551
0.026559
0.026626
0.026611
0.026568
0.026642
0.026582
0.026583
0.026594
0.026713
0.026704
0.026722
0.026693
0.026928
0.026753
0.026696
0.026679
0.026752
0.026733
0.026670
0.026832
0.026736
0.026967
0.026923
0.026702
0.026710
0.026706
0.026864
0.026673
0.026742
0.026813
0.026729
0.026658
0.026749
0.026603
0.026723
0.026654
0.026676
0.026569
0.026620
0.026730
0.026872
0.026711
0.026729
0.026735
0.026811
0.026672
0.026701
0.026738
0.026689
0.026846
0.026726
0.026683
0.026728
0.026711
0.026701
0.026707
0.026725
0.026723
0.026721
0.026713
0.026744
0.026714
0.026712
0.026695
0.026722
0.026721
0.026696
0.026720
0.026703
0.026716
0.026744
0.026719
0.026649
0.026716
0.026704
0.026733
0.026760
0.026711
0.026730
0.026694
0.026704
0.026747
0.026715
0.026710
0.026699
0.026626
0.026721
0.026751
0.026740
0.026675
0.026691
0.026758
0.026721
0.026684
0.026704
0.026724
0.026756
0.026708
0.026703
0.026693
0.026750
0.026601
0.026569
0.026418
0.026576
0.026600
0.026738
0.026632
0.026614
0.026527
0.026619
0.026582
0.026589
0.026641
0.026563
0.026594
0.026608
0.026621
0.026580
0.026609
0.026550
0.026624
0.026615
0.026672
0.026645
0.026809
0.026652
0.026476
0.026652
0.026563
0.026641
0.026614
0.026634
0.026562
0.026645
0.026649
0.026595
0.026521
0.026595
0.026605
0.026533
0.026594
0.026645
0.026549
0.026780
0.026604
0.026589
0.026523
0.026677
0.026806
0.026660
0.026703
0.026714
0.026605
0.026677
0.026679
0.026659
0.026680
0.026705
0.026706
0.026596
0.026680
0.026679
0.026667
0.026596
0.026601
0.026566
0.026508
0.026675
0.026689
0.026573
0.026558
0.026609
0.026566
0.026530
0.026539
0.026542
0.026513
0.026540
0.026556
0.026513
0.026527
0.026605
0.026556
0.026517
0.026532
0.026576
0.026513
0.026645
0.026520
0.026657
0.026544
0.026561
0.026527
0.026577
0.026519
0.026510
0.026546
0.026533
0.026486
0.026536
0.026578
0.026517
0.026601
0.026564
0.026568
0.026555
0.026545
0.026563
0.026548
0.026575
0.026533
0.026680
0.026546
0.026518
0.026601
0.026531
0.026545
0.026485
0.026544
0.026577
0.026581
0.026560
0.026527
0.026529
0.026522
0.026598
0.026527
0.026508
0.026517
0.026514
0.026646
0.026539
0.026573
0.026572
0.026527
0.026697
0.026646
0.026628
0.026601
0.026782
0.026755
0.026595
0.026631
0.026690
0.026670
0.026686
0.026649
0.026660
0.026534
0.026610
0.026539
0.026526
0.026548
0.026564
0.026706
0.026542
0.026573
0.026513
0.026592
0.026660
0.026592
0.026579
0.026525
0.026630
0.026584
0.026564
0.026544
0.026670
0.026692
0.026715
0.026695
0.026656
0.026676
0.026899
0.026644
0.026652
0.026672
0.026631
0.026682
0.026787
0.026530
0.026540
0.026570
0.026514
0.026582
0.026535
0.026857
0.026823
0.026844
0.026733
0.026687
0.026700
0.026697
0.026780
0.026630
0.026679
0.026759
0.026791
0.026752
0.026706
0.026788
0.026724
0.026748
0.026691
0.026592
0.026715
0.026616
0.026533
0.026632
0.026573
0.026904
0.026577
0.026560
0.026577
0.026731
0.026637
0.026718
0.026525
0.026685
0.026673
0.026954
0.026636
0.026676
0.026680
0.026680
0.026706
0.026661
0.026633
0.026676
0.026603
0.026546
0.026749
0.026593
0.026670
0.026835
0.026698
0.026656
0.026644
0.026677
0.026763
0.026606
0.026587
0.026636
0.026604
0.026772
0.026679
0.026652
0.026632
0.026654
0.026610
0.026696
0.026563
0.026634
0.026815
0.026585
0.026617
0.026678
0.026663
0.026627
0.026626
0.026656
0.026635
0.026628
0.026642
0.026692
0.026593
0.026685
0.026618
0.026594
0.026667
0.026771
0.026590
0.026581
0.026583
0.026590
0.026562
0.026608
0.026621
0.026658
0.026641
0.026629
0.026700
0.026784
0.026644
0.026670
0.026693
0.026671
0.026762
0.026738
0.026726
0.026630
0.026708
0.026678
0.026637
0.026674
0.026529
0.026617
0.026702
0.026599
0.026639
0.026634
0.026671
0.026705
0.026682
0.026687
0.026658
0.026539
0.026675
0.026650
0.026636
0.026592
0.026719
0.026593
0.026649
0.026684
0.026483
0.026715
0.026622
0.026538
0.026613
0.026545
0.026616
0.026645
0.026638
0.026676
0.026605
0.026684
0.026674
0.026570
0.026631
0.026696
0.026664
0.026660
0.026639
0.026637
0.026633
0.026655
0.026647
0.026647
0.026574
0.026578
0.026665
0.026649
0.026592
0.026674
0.026685
0.026643
0.026670
0.026674
0.026658
0.026683
0.026721
0.026643
0.026538
0.026650
0.026623
0.026684
0.026698
0.026653
0.026623
0.026681
0.026685
0.026613
0.026642
0.026706
0.026666
0.026706
0.026580
0.026618
0.026637
0.026616
0.026654
0.026644
0.026598
0.026778
0.026761
0.026613
0.026689
0.026541
0.026693
0.026658
0.026640
0.026682
0.026755
0.026794
0.026709
0.026707
0.026734
0.026555
0.026612
0.026782
0.026708
0.026667
0.026601
0.026631
0.026577
0.026577
0.026677
0.026788
0.026627
0.026584
0.026605
0.026644
0.026662
0.026654
0.026683
0.026720
0.026829
0.026681
0.026658
0.026677
0.026657
0.026618
0.026756
0.026746
0.026681
0.026820
0.026891
0.026755
0.026744
0.026761
0.026724
0.026846
0.026762
0.026754
0.026782
0.026721
0.026688
0.026728
0.026821
0.026671
0.026730
0.026835
0.026747
0.026767
0.026703
0.026688
0.026805
0.026812
0.026849
0.026778
0.026738
0.026786
0.026729
0.026736
0.026697
0.026822
0.026739
0.026845
0.026719
0.026828
0.026709
0.026711
0.026783
0.026628
0.026648
0.026717
0.026738
0.026751
0.026725
0.026721
0.026745
0.026749
0.026693
0.026744
0.026784
0.026784
0.026819
0.026728
0.026733
0.026782
0.026721
0.026762
0.026720
0.026791
0.026726
0.026703
0.026759
0.026719
0.026763
0.026728
0.026707
0.026668
0.026637
0.026725
0.026601
0.026678
0.026657
0.026664
0.026690
0.026666
0.026696
0.026665
0.026624
0.026675
0.026663
0.026700
0.026832
0.026811
0.026634
0.026708
0.026664
0.026667
0.026714
0.026664
0.026628
0.026661
0.026704
0.026860
0.026642
0.026564
0.026738
0.026711
0.026671
0.026827
0.026657
0.026711
0.026640
0.026654
0.026626
0.026592
0.026623
0.026639
0.026737
0.026669
0.026643
0.026563
0.026664
0.026695
0.026640
0.026667
0.026674
0.026597
0.026674
0.026583
0.026550
0.026624
0.026644
0.026631
0.026617
0.026876
0.026679
0.026628
0.026597
0.026656
0.026609
0.026622
0.026609
0.026655
0.026540
0.026924
0.026638
0.026676
0.026721
0.026604
0.026636
0.026648
0.026650
0.026553
0.026577
0.026631
0.026626
0.026697
0.026584
0.026513
0.026611
0.026613
0.026609
0.026737
0.026752
0.026650
0.026618
0.026758
0.026762
0.026821
0.026721
0.026679
0.026738
0.026859
0.026713
0.026732
0.026749
0.026739
0.026743
0.026723
0.026669
0.026792
0.026921
0.026720
0.026736
0.026728
0.026728
0.026667
0.026751
0.026750
0.026766
0.026730
0.026730
0.026733
0.026724
0.026713
0.026638
0.026754
0.026772
0.026709
0.026731
0.026892
0.026704
0.026742
0.026742
0.026656
0.026675
0.026747
0.026744
0.026738
0.026555
0.026776
0.026824
0.026825
0.026844
0.026839
0.026788
0.026773
0.026872
0.026789
0.026997
0.026872
0.026855
0.026767
0.026766
0.026880
0.026839
0.026796
0.026837
0.026698
0.026819
0.026765
0.026846
0.026747
0.026700
0.026655
0.026767
0.026737
0.026829
0.026869
0.026709
0.026694
0.026745
0.026707
0.026814
0.026674
0.026634
0.026712
0.026664
0.026700
0.026689
0.026734
0.026756
0.026691
0.026739
0.026706
0.026759
0.026712
0.026693
0.026826
0.026685
0.026678
0.026553
0.026513
0.026616
0.026586
0.026535
0.026506
0.026690
0.026494
0.026584
0.026522
0.026605
0.026683
0.026507
0.026538
0.026510
0.026685
0.026626
0.026602
0.026647
0.026582
0.026586
0.026537
0.026563
0.026525
0.026529
0.026482
0.026512
0.026534
0.026556
0.026527
0.026656
0.026625
0.026557
0.026625
0.026638
0.026662
0.026657
0.026629
0.026634
0.026613
0.026607
0.026624
0.026644
0.026568
0.026491
0.026533
0.026551
0.026539
0.026565
0.026726
0.026690
0.026578
0.026634
0.026649
0.026625
0.026625
0.026634
0.026641
0.026644
0.026572
0.026624
0.026649
0.026671
0.026706
0.026624
0.026646
0.026642
0.026724
0.026820
0.026649
0.026665
0.026901
0.026540
0.026536
0.026567
0.026522
0.026486
0.026487
0.026539
0.026497
0.026515
0.026547
0.026508
0.026617
0.026506
0.026538
0.026549
0.026743
0.026490
0.026538
0.026520
0.026489
0.026726
0.026623
0.026695
0.026599
0.026546
0.026515
0.026510
0.026530
0.026531
0.026850
0.026502
0.026526
0.026620
0.026638
0.026678
0.026458
0.026585
0.026590
0.026625
0.026617
0.026602
0.026633
0.026791
0.026764
0.026694
0.026762
0.026664
0.026669
0.026580
0.026603
0.026711
0.026661
0.026564
0.026745
0.026587
0.026649
0.026815
0.026887
0.026756
0.026761
0.026631
0.026691
0.026602
0.026508
0.026640
0.026615
0.026642
0.026718
0.026628
0.026662
0.026561
0.026581
0.026609
0.026615
0.026615
0.026602
0.026604
0.026633
0.026669
0.026582
0.026627
0.026602
0.026633
0.026636
0.026639
0.026546
0.026526
0.026479
0.026551
0.026608
0.026514
0.026657
0.026766
0.026628
0.026640
0.026603
0.026639
0.026793
0.026599
0.026633
0.026633
0.026643
0.026635
0.026675
0.026663
0.026637
0.026606
0.026624
0.026682
0.026646
0.026833
0.026718
0.026694
0.026714
0.026573
0.026664
0.026738
0.026758
0.026606
0.026597
0.026654
0.026667
0.026627
0.026674
0.026664
0.026699
0.026658
0.026706
0.026695
0.026663
0.026830
0.026680
0.026703
0.026714
0.026732
0.026612
0.026680
0.026722
0.026640
0.026731
0.026666
0.026665
0.026727
0.026609
0.026680
0.026550
0.026568
0.026568
0.026597
0.026650
0.026657
0.026729
0.026627
0.026684
0.026798
0.026683
0.026628
0.026684
0.026649
0.026820
0.026654
0.026647
0.026650
0.026671
0.026647
0.026681
0.026671
0.026695
0.026683
0.026690
0.026689
0.026709
0.026714
0.026697
0.026770
0.026689
0.026691
0.026695
0.026822
0.026673
0.026687
0.026717
0.026692
0.026624
0.026594
0.026566
0.026628
0.026581
0.026594
0.026580
0.026568
0.026632
0.026714
0.026628
0.026577
0.026632
0.026587
0.026603
0.026590
0.026568
0.026607
0.026598
0.026586
0.026629
0.026599
0.026609
0.026588
0.026529
0.026587
0.026592
0.026658
0.026627
0.026522
0.026543
0.026599
0.026501
0.026590
0.026609
0.026476
0.026601
0.026530
0.026754
0.026633
0.026542
0.026532
0.026649
0.026793
0.026617
0.026608
0.026578
0.026688
0.026930
0.026540
0.026591
0.026590
0.026592
0.026588
0.026587
0.026585
0.026594
0.026578
0.026561
0.026670
0.026538
0.026528
0.026601
0.026632
0.026551
0.026542
0.026551
0.026534
0.026581
0.026615
0.026593
0.026578
0.026548
0.026580
0.026730
0.026580
0.026506
0.026546
0.026651
0.026564
0.026559
0.026567
0.026595
0.026620
0.026574
0.026747
0.026678
0.026785
0.026679
0.026639
0.026687
0.026668
0.026661
0.026673
0.026669
0.026698
0.026564
0.026646
0.026623
0.026674
0.026691
0.026676
0.026677
0.026660
0.026704
0.026593
0.026684
0.026574
0.026593
0.026569
0.026539
0.026590
0.026594
0.026592
0.026498
0.026592
0.026608
0.026676
0.026562
0.026551
0.026566
0.026593
0.026675
