0.32491230964660645
0.19948291778564453
0.1947472095489502
0.1987135410308838
0.19405221939086914
0.1950235366821289
0.1954178810119629
0.19567179679870605
0.1954517364501953
0.19535207748413086
0.2031536102294922
0.19649744033813477
0.1956791877746582
0.19434881210327148
0.19689011573791504
0.19433236122131348
0.19553828239440918
0.19474411010742188
0.19357800483703613
0.19692730903625488
0.1950695514678955
0.1940450668334961
0.19597125053405762
0.19446945190429688
0.19315052032470703
0.1960153579711914
0.19417738914489746
0.19350934028625488
0.19299578666687012
0.19668245315551758
0.19450783729553223
0.1933133602142334
0.19691705703735352
0.1946399211883545
0.19426703453063965
0.19541215896606445
0.19366073608398438
0.19731426239013672
0.19556975364685059
0.19394922256469727
0.19286608695983887
0.1956956386566162
0.1948230266571045
0.19650697708129883
0.1947798728942871
0.1935863494873047
0.19656014442443848
0.1954340934753418
0.19336819648742676
0.19608616828918457
0.19411325454711914
0.19363093376159668
0.19826054573059082
0.19752740859985352
0.19571828842163086
0.19384002685546875
0.19698357582092285
0.19597411155700684
0.19446206092834473
0.19395089149475098
0.19716310501098633
0.19601225852966309
0.19513463973999023
0.19325566291809082
0.19715666770935059
0.1939380168914795
0.19698667526245117
0.19643259048461914
0.19461321830749512
0.19277739524841309
0.19571352005004883
0.19513177871704102
0.19398164749145508
0.1969280242919922
0.1952650547027588
0.19307589530944824
0.19562649726867676
0.19447803497314453
0.19230222702026367
0.19559311866760254
0.1945648193359375
0.19613122940063477
0.19521474838256836
0.19322490692138672
0.19566822052001953
0.19409513473510742
0.19678425788879395
0.19523859024047852
0.19392108917236328
0.1970195770263672
0.19625473022460938
0.194380521774292
0.1932969093322754
0.19655966758728027
0.1945338249206543
0.19665861129760742
0.19460844993591309
0.19485735893249512
0.1935105323791504
0.19699740409851074
0.19439101219177246
0.19233298301696777
0.1961352825164795
0.19417285919189453
0.196732759475708
0.19465994834899902
0.197357177734375
0.19623446464538574
0.19443321228027344
0.19697141647338867
0.19602560997009277
0.19366049766540527
0.19698786735534668
0.19468188285827637
0.19274091720581055
0.19542670249938965
0.19311881065368652
0.19675230979919434
0.19484829902648926
0.19256949424743652
0.19510102272033691
0.19297456741333008
0.1967926025390625
0.1943800449371338
0.19222688674926758
0.19535064697265625
0.19309735298156738
0.19698882102966309
0.19640588760375977
0.19503426551818848
0.19302916526794434
0.19591045379638672
0.19464564323425293
0.19261980056762695
0.1959078311920166
0.19383025169372559
0.1968240737915039
0.1970207691192627
0.1957240104675293
0.19322991371154785
0.19593167304992676
0.19394993782043457
0.19807100296020508
0.1962418556213379
0.1939990520477295
0.20041489601135254
0.19379734992980957
0.19789433479309082
0.19692158699035645
0.19506525993347168
0.19314026832580566
0.19660639762878418
0.19706249237060547
0.1935265064239502
0.1961827278137207
0.194288969039917
0.19692564010620117
0.19581270217895508
0.19455742835998535
0.19246721267700195
0.19559359550476074
0.19377470016479492
0.19759631156921387
0.19583487510681152
0.19480443000793457
0.1936502456665039
0.1975874900817871
0.19689583778381348
0.19518542289733887
0.1931459903717041
0.19606685638427734
0.19418048858642578
0.19777274131774902
0.1969597339630127
0.19506454467773438
0.19359087944030762
0.1965501308441162
0.19440007209777832
0.19673991203308105
0.19490528106689453
0.19782233238220215
0.19579434394836426
0.1946704387664795
0.19760346412658691
0.19581866264343262
0.19404292106628418
0.19705915451049805
0.196366548538208
0.19461679458618164
0.19287109375
0.1958448886871338
0.19428348541259766
0.19768524169921875
0.19549012184143066
0.19356966018676758
0.19656157493591309
0.1948106288909912
0.1937427520751953
0.1964280605316162
0.19428181648254395
0.19729256629943848
0.19578909873962402
0.19577383995056152
0.19395732879638672
0.1968083381652832
0.1945056915283203
0.19703412055969238
0.19646453857421875
0.19413423538208008
0.19661688804626465
0.19552087783813477
0.19461274147033691
0.19330739974975586
0.19552397727966309
0.19338321685791016
0.1963028907775879
0.19448423385620117
0.19788575172424316
0.19613289833068848
0.19431757926940918
0.19756865501403809
0.19577884674072266
0.1946878433227539
0.1982440948486328
0.19773197174072266
0.19454574584960938
0.1969444751739502
0.1955854892730713
0.19334793090820312
0.19614386558532715
0.1941215991973877
0.19690847396850586
0.19581389427185059
0.19366765022277832
0.19656848907470703
0.19453120231628418
0.19268441200256348
0.19685792922973633
0.19483590126037598
0.19397187232971191
0.19777584075927734
0.1965487003326416
0.19560861587524414
0.19348502159118652
0.19584989547729492
0.1944599151611328
0.1920628547668457
0.1962294578552246
0.1951923370361328
0.19388103485107422
0.19690918922424316
0.19565415382385254
0.19428086280822754
0.19690799713134766
0.19475197792053223
0.19729971885681152
0.1950225830078125
0.1939234733581543
0.19689679145812988
0.19463419914245605
0.19308114051818848
0.19661545753479004
0.19492864608764648
0.19286751747131348
0.19564294815063477
0.19404196739196777
0.19677162170410156
0.19520282745361328
0.19315242767333984
0.19591712951660156
0.19373297691345215
0.19683551788330078
0.19582223892211914
0.1938931941986084
0.19667840003967285
0.1946401596069336
0.19394540786743164
0.19789457321166992
0.1969623565673828
0.19495940208435059
0.19280123710632324
0.19595050811767578
0.1948554515838623
0.19292664527893066
0.1959095001220703
0.19494986534118652
0.19373798370361328
0.19843530654907227
0.1974341869354248
0.19535040855407715
0.19272947311401367
0.19554495811462402
0.19426989555358887
0.19723272323608398
0.19519662857055664
0.19327378273010254
0.19748997688293457
0.19611239433288574
0.1945023536682129
0.19710516929626465
0.1950209140777588
0.19314932823181152
0.19701647758483887
0.19537901878356934
0.19315409660339355
0.1959984302520752
0.19315743446350098
0.19704604148864746
0.19495630264282227
0.19316768646240234
0.19620776176452637
0.1941680908203125
0.19780826568603516
0.19584107398986816
0.19484305381774902
0.1937718391418457
0.19760465621948242
0.19646692276000977
0.1945657730102539
0.19251608848571777
0.1956021785736084
0.19353151321411133
0.1973106861114502
0.19611859321594238
0.19513463973999023
0.19388341903686523
0.19680333137512207
0.19446277618408203
0.19675612449645996
0.19490551948547363
0.19773197174072266
0.1955866813659668
0.19464683532714844
0.19765615463256836
0.19564437866210938
0.19353580474853516
0.1962752342224121
0.19556379318237305
0.19348502159118652
0.19612789154052734
0.19376134872436523
0.19649791717529297
0.19517874717712402
0.19331002235412598
0.1963193416595459
0.19440078735351562
0.19260382652282715
0.1962900161743164
0.19425725936889648
0.19269442558288574
0.19485831260681152
0.19383907318115234
0.19837474822998047
0.19762182235717773
0.19538569450378418
0.19371962547302246
0.196213960647583
0.19527125358581543
0.1935410499572754
0.19623851776123047
0.19526147842407227
0.193695068359375
0.19827795028686523
0.1962442398071289
0.19431781768798828
0.1925337314605713
0.19527101516723633
0.1944124698638916
0.19848346710205078
0.19490933418273926
0.1928238868713379
0.19548630714416504
0.19523072242736816
0.19788336753845215
0.19599366188049316
0.19400238990783691
0.19699406623840332
0.19724202156066895
0.19509506225585938
0.1930558681488037
0.1960000991821289
0.19327664375305176
0.19713735580444336
0.194899320602417
0.19640827178955078
0.19396090507507324
0.19718170166015625
0.19605636596679688
0.19422149658203125
0.19690322875976562
0.19519948959350586
0.19316506385803223
0.19699549674987793
0.19426226615905762
0.1971573829650879
0.19608616828918457
0.1940915584564209
0.19881010055541992
0.19611406326293945
0.19418978691101074
0.19717836380004883
0.1945493221282959
0.19820737838745117
0.19613122940063477
0.1949167251586914
0.19275975227355957
0.1969280242919922
0.19504952430725098
0.19284796714782715
0.19534921646118164
0.1932389736175537
0.19586992263793945
0.19481229782104492
0.1927499771118164
0.1956639289855957
0.19454336166381836
0.19819188117980957
0.1963956356048584
0.19439983367919922
0.1971886157989502
0.1951580047607422
0.19311213493347168
0.1962120532989502
0.19421148300170898
0.19706130027770996
0.19498324394226074
0.19287919998168945
0.19675731658935547
0.19491291046142578
0.19275832176208496
0.19570159912109375
0.19362640380859375
0.19734978675842285
0.19624948501586914
0.19544458389282227
0.19322896003723145
0.19592738151550293
0.19473528861999512
0.19284844398498535
0.19577264785766602
0.1951749324798584
0.19651579856872559
0.19626283645629883
0.19448423385620117
0.19688677787780762
0.19451546669006348
0.1926431655883789
0.1963346004486084
0.19436979293823242
0.19721770286560059
0.19519305229187012
0.1930837631225586
0.1967623233795166
0.1958475112915039
0.19399023056030273
0.19656085968017578
0.19470953941345215
0.1933887004852295
0.19614458084106445
0.19404840469360352
0.19705462455749512
0.19516849517822266
0.1945972442626953
0.19275593757629395
0.19537091255187988
0.19295120239257812
0.1958165168762207
0.19475746154785156
0.19281768798828125
0.19580769538879395
0.19510483741760254
0.19386553764343262
0.19867634773254395
0.19671940803527832
0.19477272033691406
0.19293522834777832
0.19561243057250977
0.19423460960388184
0.19651317596435547
0.19550013542175293
0.19372773170471191
0.19742655754089355
0.19647216796875
0.19539594650268555
0.1928544044494629
0.1955242156982422
0.1927957534790039
0.19661617279052734
0.19449567794799805
0.19244742393493652
0.19543838500976562
0.19453978538513184
0.1936793327331543
0.19633841514587402
0.19348978996276855
0.19558501243591309
0.19354581832885742
0.19741010665893555
0.19544196128845215
0.19334936141967773
0.19612503051757812
0.19405770301818848
0.197798490524292
0.19567131996154785
0.19381427764892578
0.1965351104736328
0.19441890716552734
0.19744253158569336
0.19552874565124512
0.19450020790100098
0.19265365600585938
0.19548654556274414
0.19619011878967285
0.19731807708740234
0.19536447525024414
0.19317030906677246
0.195281982421875
0.19419431686401367
0.19716596603393555
0.19580578804016113
0.19344091415405273
0.19613027572631836
0.19524121284484863
0.19326114654541016
0.19619488716125488
0.1939852237701416
0.19686651229858398
0.19517159461975098
0.19810819625854492
0.1962299346923828
0.19419312477111816
0.19719195365905762
0.19630885124206543
0.19417572021484375
0.19266033172607422
0.19553351402282715
0.19449639320373535
0.19465136528015137
0.19466924667358398
0.19407200813293457
0.19382166862487793
0.1973741054534912
0.19727683067321777
0.19722461700439453
0.19600749015808105
0.1960158348083496
0.19495868682861328
0.19550848007202148
0.19499802589416504
0.19456195831298828
0.1945509910583496
0.19401335716247559
0.19419407844543457
0.19381070137023926
0.19383668899536133
0.19634747505187988
0.19597339630126953
0.1965012550354004
0.19608259201049805
0.19532418251037598
0.19502997398376465
0.19458246231079102
0.19516277313232422
0.19766902923583984
0.19629216194152832
0.19526362419128418
0.19466185569763184
0.19460082054138184
0.19388651847839355
0.1978776454925537
0.192460298538208
0.19650912284851074
0.19668054580688477
0.19616174697875977
0.19570374488830566
0.1952977180480957
0.19467520713806152
0.19544100761413574
0.19494915008544922
0.19453072547912598
0.19403600692749023
0.19243431091308594
0.1938478946685791
0.19311904907226562
0.19466900825500488
0.19745850563049316
0.19710779190063477
0.19758367538452148
0.19783568382263184
0.1975412368774414
0.19356012344360352
0.19806838035583496
0.1946887969970703
0.19417190551757812
0.19459819793701172
0.1939842700958252
0.19321680068969727
0.19372200965881348
0.1934201717376709
0.19278621673583984
0.19663047790527344
0.19597458839416504
0.19626212120056152
0.1957077980041504
0.19522333145141602
0.1945209503173828
0.1945934295654297
0.19392871856689453
0.1937098503112793
0.1927931308746338
0.19722318649291992
0.19667339324951172
0.19666337966918945
0.19555926322937012
0.1951735019683838
0.19432473182678223
0.19399738311767578
0.19498920440673828
0.1953122615814209
0.1957852840423584
0.1956167221069336
0.19536375999450684
0.19531011581420898
0.195037841796875
0.19314026832580566
0.19264006614685059
0.19672536849975586
0.19698834419250488
0.1957230567932129
0.19534921646118164
0.19493412971496582
0.19281816482543945
0.19651579856872559
0.19466209411621094
0.19345712661743164
0.1975393295288086
0.19542241096496582
0.19443178176879883
0.19707345962524414
0.19493412971496582
0.1930840015411377
0.19568610191345215
0.19521284103393555
0.19320225715637207
0.19649910926818848
0.19469261169433594
0.1927323341369629
0.19675517082214355
0.19516348838806152
0.19286322593688965
0.19558453559875488
0.1933736801147461
0.19649934768676758
0.19440627098083496
0.19377636909484863
0.19769692420959473
0.19683384895324707
0.1984715461730957
0.19603967666625977
0.19403862953186035
0.19725871086120605
0.19491958618164062
0.19363975524902344
0.1965949535369873
0.19484472274780273
0.19286847114562988
0.19496870040893555
0.19381022453308105
0.19586825370788574
0.1934654712677002
0.19625210762023926
0.19458389282226562
0.19452476501464844
0.19396162033081055
0.1973893642425537
0.19550418853759766
0.19292712211608887
0.1967306137084961
0.1950092315673828
0.19297575950622559
0.19603347778320312
0.19498968124389648
0.1940617561340332
0.19770455360412598
0.19646763801574707
0.19414019584655762
0.19699597358703613
0.1946582794189453
0.19704246520996094
0.19499492645263672
