0.032007
0.073688
0.075153
0.075350
0.073195
0.073559
0.074977
0.072325
0.073088
0.074097
0.075058
0.074455
0.072211
0.073805
0.073869
0.073697
0.075521
0.073569
0.072250
0.073340
0.072918
0.075163
0.073115
0.075169
0.072054
0.072332
0.075261
0.075586
0.072302
0.074319
0.073332
0.074200
0.072537
0.075484
0.073485
0.072541
0.071681
0.073643
0.073992
0.071709
0.072610
0.074653
0.074745
0.074782
0.073705
0.073776
0.072088
0.074994
0.072925
0.073092
0.073084
0.071913
0.073263
0.071636
0.075235
0.075022
0.073762
0.072784
0.072184
0.074363
0.073177
0.071909
0.074743
0.074410
0.072282
0.072865
0.071663
0.074008
0.073733
0.073012
0.073480
0.074788
0.073574
0.072466
0.071960
0.071824
0.074411
0.073284
0.073176
0.071393
0.073978
0.074292
0.073048
0.072685
0.071591
0.074945
0.074159
0.072828
0.071185
0.073621
0.072314
0.073994
0.071280
0.073291
0.073744
0.072684
0.072563
0.073894
0.073087
0.074963
0.074751
0.074491
0.072504
0.072145
0.074834
0.074406
0.073339
0.072073
0.071678
0.074265
0.073314
0.072922
0.070915
0.074481
0.074039
0.072839
0.072543
0.074246
0.074277
0.073938
0.072643
0.072397
0.074346
0.074117
0.074088
0.072619
0.072377
0.073950
0.073173
0.071343
0.071273
0.073913
0.072809
0.072586
0.070984
0.070927
0.073679
0.071265
0.074404
0.070621
0.073893
0.073741
0.071283
0.070873
0.070644
0.073939
0.074332
0.071993
0.071121
0.070654
0.074165
0.072563
0.074230
0.071445
0.074246
0.073816
0.071892
0.072364
0.073920
0.071906
0.072955
0.070641
0.074085
0.073012
0.072852
0.071135
0.073132
0.072164
0.071242
0.070825
0.074218
0.073144
0.071180
0.074211
0.073381
0.072004
0.071406
0.072025
0.072097
0.073418
0.072531
0.072167
0.071137
0.073962
0.073500
0.073015
0.071907
0.070484
0.073904
0.073520
0.072266
0.071532
0.073648
0.073277
0.072904
0.071756
0.071385
0.073786
0.072401
0.072188
0.071080
0.070383
0.071970
0.071035
0.070116
0.073980
0.070159
0.070993
0.071028
0.070088
0.071994
0.071186
0.070212
0.073187
0.073250
0.071213
0.071316
0.073379
0.071869
0.072334
0.070533
0.070379
0.073424
0.070516
0.073301
0.070519
0.073568
0.071674
0.071841
0.070550
0.071629
0.072727
0.071761
0.071530
0.070701
0.072793
0.073940
0.071889
0.071160
0.073851
0.071874
0.070833
0.073145
0.070420
0.072051
0.071094
0.071086
0.073020
0.071948
0.071037
0.073146
0.072169
0.071234
0.070241
0.072567
0.073143
0.072178
0.071387
0.073720
0.070241
0.073375
0.073488
0.071366
0.070409
0.073514
0.073430
0.072292
0.070530
0.070510
0.073513
0.073099
0.071697
0.070210
0.070533
0.071295
0.072688
0.070631
0.072736
0.073317
0.070776
0.073509
0.069831
0.072564
0.071351
0.070593
0.071091
0.071859
0.073019
0.072034
0.073197
0.071925
0.070918
0.069853
0.072949
0.072081
0.070512
0.073211
0.072424
0.072100
0.071037
0.071113
0.070246
0.072162
0.070409
0.071383
0.070323
0.073256
0.072250
0.071623
0.071404
0.070363
0.071473
0.071605
0.069762
0.070451
0.072574
0.070581
0.071976
0.073365
0.073456
0.071641
0.070447
0.072787
0.073692
0.070869
0.069698
0.072631
0.071443
0.070853
0.070271
0.072873
0.070446
0.071826
0.072611
0.069960
0.072353
0.072950
0.070687
0.070917
0.073667
0.070123
0.072510
0.072142
0.073101
0.070151
0.071882
0.073253
0.070352
0.071254
0.069897
0.073126
0.073513
0.073278
0.070930
0.071478
0.072163
0.070417
0.070432
0.070046
0.070605
0.072556
0.072599
0.071723
0.073718
0.073671
0.071146
0.071674
0.073400
0.071733
0.072403
0.072807
0.069938
0.073026
0.070777
0.072004
0.069868
0.070761
0.072169
0.073246
0.069880
0.072887
0.073111
0.070787
0.070713
0.071064
0.070520
0.073196
0.071944
0.071526
0.070254
0.069805
0.073478
0.071680
0.071502
0.069895
0.072841
0.072574
0.073175
0.071986
0.072374
0.071233
0.070386
0.072518
0.072282
0.073592
0.070686
0.072492
0.073191
0.071670
0.070533
0.070588
0.070723
0.072563
0.070055
0.070700
0.071852
0.072882
0.070814
0.073640
0.072864
0.072681
0.072816
0.070020
0.072895
0.071840
0.073666
0.072838
0.073775
0.072798
0.072265
0.072832
0.071774
0.072943
0.071920
0.071960
0.069910
0.074025
0.071076
0.072098
0.073508
0.070035
0.071547
0.071068
0.070967
0.073924
0.072505
0.072308
0.070906
0.073336
0.073569
0.071792
0.070019
0.073454
0.073532
0.073186
0.071080
0.070807
0.073469
0.073546
0.073468
0.071441
0.070051
0.073476
0.072504
0.072242
0.073362
0.073555
0.072525
0.072270
0.071677
0.070403
0.073621
0.072752
0.070307
0.070835
0.070197
0.074056
0.072612
0.071178
0.074004
0.070890
0.070576
0.073922
0.073771
0.072832
0.071681
0.070261
0.072898
0.072572
0.070448
0.073219
0.071999
0.072306
0.071275
0.070904
0.072721
0.072186
0.072374
0.071184
0.073704
0.072191
0.071190
0.070880
0.073916
0.073414
0.071428
0.071134
0.071113
0.073883
0.073780
0.071842
0.071653
0.071215
0.074072
0.073825
0.071648
0.071450
0.074015
0.073860
0.072856
0.073775
0.074430
0.073989
0.073923
0.072432
0.071228
0.074093
0.073082
0.072934
0.072091
0.074424
0.074242
0.072848
0.072864
0.071602
0.074463
0.073436
0.072896
0.072459
0.071424
0.074020
0.073918
0.072845
0.071745
0.074604
0.072655
0.071547
0.073976
0.072795
0.074866
0.072804
0.075008
0.073964
0.073075
0.071981
0.074065
0.073071
0.072270
0.073267
0.073304
0.075289
0.074309
0.073184
0.075248
0.073389
0.072109
0.074874
0.073377
0.072474
0.071665
0.073320
0.073548
0.072179
0.075087
0.073781
0.071759
0.074655
0.072465
0.072416
0.074483
0.072528
0.075294
0.074291
0.073062
0.072187
0.074091
0.072525
0.075480
0.074314
0.073358
0.074483
0.073579
0.074544
0.074195
0.072927
0.074837
0.072570
0.074551
0.073387
0.075211
0.072926
0.074979
0.072786
0.075505
0.074486
0.072252
0.074831
0.074055
0.072028
0.074629
0.072714
0.075485
0.074300
0.072983
0.075419
0.073418
0.075796
0.075204
0.073144
0.075690
0.073768
0.076298
0.075221
0.074002
0.073005
0.073701
0.075395
0.073471
0.075167
0.074090
0.075906
0.074861
0.073277
0.072552
0.074481
0.076292
0.074942
0.074093
0.072637
0.076680
0.074667
0.074473
0.073428
0.075166
0.074817
0.073570
0.075887
0.076103
0.075780
0.074535
0.076883
0.075629
0.073698
0.073528
0.073115
0.074985
0.074280
0.074111
0.073130
0.073020
0.074594
0.074599
0.077063
0.075043
0.077043
0.076666
0.076066
0.075678
0.074095
0.075735
0.076390
0.075366
0.075556
0.074432
0.074012
0.077010
0.075767
0.075630
0.074141
0.073445
0.075390
0.073861
0.075385
0.075093
0.074738
0.076946
0.076494
0.076062
0.074637
0.073663
