0.00021314620971679688
0.00020551681518554688
0.00024080276489257812
0.0002505779266357422
0.00026106834411621094
0.0002570152282714844
0.0002734661102294922
0.00039577484130859375
0.000247955322265625
0.00030612945556640625
0.00025534629821777344
0.0002760887145996094
0.00029778480529785156
0.0002701282501220703
0.0002644062042236328
0.0002880096435546875
0.00027871131896972656
0.0003314018249511719
0.00045609474182128906
0.00031065940856933594
0.00028133392333984375
0.0002760887145996094
0.0002753734588623047
0.0003190040588378906
0.0002925395965576172
0.0002930164337158203
0.00032401084899902344
0.00032138824462890625
0.0003237724304199219
0.0002884864807128906
0.0002865791320800781
0.0002925395965576172
0.00029349327087402344
0.0003180503845214844
0.0006315708160400391
0.00032639503479003906
0.00031638145446777344
0.0003421306610107422
0.0003104209899902344
0.0003294944763183594
0.0003349781036376953
0.00032782554626464844
0.00033664703369140625
0.00034308433532714844
0.00033092498779296875
0.00034046173095703125
0.0003380775451660156
0.00035500526428222656
0.0003349781036376953
0.00034332275390625
0.0003521442413330078
0.0003466606140136719
0.0003502368927001953
0.0003535747528076172
0.00035834312438964844
0.00036334991455078125
0.0003600120544433594
0.0003514289855957031
0.00035762786865234375
0.0003750324249267578
0.00036835670471191406
0.00040340423583984375
0.0004048347473144531
0.00040721893310546875
0.00040650367736816406
0.0004048347473144531
0.000408172607421875
0.0003933906555175781
0.00042557716369628906
0.00043129920959472656
0.0004127025604248047
0.0004317760467529297
0.000431060791015625
0.0004248619079589844
0.00043702125549316406
0.0004303455352783203
0.0004329681396484375
0.00043010711669921875
0.00043463706970214844
0.0004394054412841797
0.0004401206970214844
0.0004305839538574219
0.00044536590576171875
0.0004508495330810547
0.0004379749298095703
0.00044798851013183594
0.0004546642303466797
0.0004725456237792969
0.00047016143798828125
0.00044155120849609375
0.0005943775177001953
0.0004494190216064453
0.00045228004455566406
0.00045180320739746094
0.00045037269592285156
0.0004596710205078125
0.00046181678771972656
0.0004565715789794922
0.0004563331604003906
0.0004661083221435547
0.0004582405090332031
0.0004608631134033203
0.0004582405090332031
0.0004630088806152344
0.0004687309265136719
0.0004591941833496094
0.0004742145538330078
0.0004718303680419922
0.0004661083221435547
0.0004706382751464844
0.0004673004150390625
0.0004849433898925781
0.00047850608825683594
0.00048065185546875
0.00048422813415527344
0.0004889965057373047
0.0004813671112060547
0.00048470497131347656
0.0004730224609375
0.0004911422729492188
0.0004942417144775391
0.00045490264892578125
0.0004971027374267578
0.00048232078552246094
0.0004799365997314453
0.0004901885986328125
0.0004937648773193359
0.0004794597625732422
0.00048279762268066406
0.00048160552978515625
0.00047898292541503906
0.0004980564117431641
0.0004870891571044922
0.0004851818084716797
0.000499725341796875
0.0005104541778564453
0.0005059242248535156
0.0004832744598388672
0.0004916191101074219
0.0004918575286865234
0.0005059242248535156
0.0004971027374267578
0.0004870891571044922
0.0004832744598388672
0.000492095947265625
0.0004832744598388672
0.00048089027404785156
0.00047659873962402344
0.00048470497131347656
0.0005183219909667969
0.0004558563232421875
0.0004429817199707031
0.0004436969757080078
0.000446319580078125
0.0004477500915527344
0.0004448890686035156
0.00043845176696777344
0.00044918060302734375
0.0004401206970214844
0.00045871734619140625
0.00048542022705078125
0.0004525184631347656
0.0004391670227050781
0.0004909038543701172
0.00046563148498535156
0.0005075931549072266
0.0004265308380126953
0.00043392181396484375
0.0005002021789550781
0.00042366981506347656
0.00043964385986328125
0.0004165172576904297
0.00042319297790527344
0.0004413127899169922
0.0004265308380126953
0.00042819976806640625
0.0004382133483886719
0.0004241466522216797
0.0004215240478515625
0.0004162788391113281
0.0004761219024658203
0.0004277229309082031
0.0004341602325439453
0.0004382133483886719
0.000423431396484375
0.00042724609375
0.0004227161407470703
0.0004150867462158203
0.00042366981506347656
0.000408172607421875
0.0004398822784423828
0.00041604042053222656
0.00043511390686035156
0.00043320655822753906
0.0004413127899169922
0.0004496574401855469
0.00041961669921875
0.00043463706970214844
0.0004317760467529297
0.0004367828369140625
0.00045299530029296875
0.00042629241943359375
0.0004439353942871094
0.0004448890686035156
0.0004355907440185547
0.00043463706970214844
0.0004286766052246094
0.000423431396484375
0.00044536590576171875
0.0004508495330810547
0.00041103363037109375
0.0004229545593261719
0.0004279613494873047
0.00043702125549316406
0.0005533695220947266
0.00043702125549316406
0.00041961669921875
0.0003972053527832031
0.00038909912109375
0.0003895759582519531
0.0003859996795654297
0.0004131793975830078
0.00039696693420410156
0.0003910064697265625
0.0004189014434814453
0.00038743019104003906
0.0004088878631591797
0.0004067420959472656
0.00039196014404296875
0.0004096031188964844
0.00033473968505859375
0.0003952980041503906
0.0003871917724609375
0.0003845691680908203
0.0004048347473144531
0.0004017353057861328
0.0003917217254638672
0.0003979206085205078
0.0003952980041503906
0.00038361549377441406
0.00038909912109375
0.0003898143768310547
0.00038814544677734375
0.000385284423828125
0.00045228004455566406
0.0003857612609863281
0.0003771781921386719
0.00037980079650878906
0.0004150867462158203
0.0003809928894042969
0.00039768218994140625
0.0003936290740966797
0.0003752708435058594
0.0003712177276611328
0.0003809928894042969
0.00039505958557128906
0.0003719329833984375
0.00039076805114746094
0.0003991127014160156
0.00038123130798339844
0.0003769397735595703
0.00037360191345214844
0.00038695335388183594
0.00037288665771484375
0.00036454200744628906
0.0003857612609863281
0.0003762245178222656
0.00036716461181640625
0.0003685951232910156
0.00037932395935058594
0.00035452842712402344
0.00035572052001953125
0.0004322528839111328
0.000400543212890625
0.00037217140197753906
0.0003752708435058594
0.0003688335418701172
0.0003566741943359375
0.0003714561462402344
0.0003745555877685547
0.0003871917724609375
0.000362396240234375
0.00041556358337402344
0.00037980079650878906
0.0003705024719238281
0.0003681182861328125
0.00037097930908203125
0.00033354759216308594
0.0003654956817626953
0.0003528594970703125
0.00035691261291503906
0.0003821849822998047
0.00037384033203125
0.00038361549377441406
0.00039577484130859375
0.0003905296325683594
0.0003886222839355469
0.0003695487976074219
0.0003871917724609375
0.00038123130798339844
0.00037932395935058594
0.0003750324249267578
0.0003819465637207031
0.00038743019104003906
0.00042510032653808594
0.0003604888916015625
0.0003466606140136719
0.000354766845703125
0.00034165382385253906
0.0003407001495361328
0.00034737586975097656
0.0003447532653808594
0.0003571510314941406
0.00034999847412109375
0.00037360191345214844
0.0003597736358642578
0.00034236907958984375
0.00031065940856933594
0.0004189014434814453
0.0003364086151123047
0.0003216266632080078
0.0003459453582763672
0.0003490447998046875
0.0004601478576660156
0.0003275871276855469
0.0003402233123779297
0.0003380775451660156
0.0003497600555419922
0.0003933906555175781
0.0003509521484375
0.0003437995910644531
0.0003485679626464844
0.00034046173095703125
0.0003590583801269531
0.0003364086151123047
0.00034332275390625
0.0003581047058105469
0.00034308433532714844
0.0003552436828613281
0.0003287792205810547
0.00034165382385253906
0.00035858154296875
0.0003345012664794922
0.0003447532653808594
0.00036025047302246094
0.0003323554992675781
0.0003485679626464844
0.00032901763916015625
0.00033783912658691406
0.0003323554992675781
0.0003399848937988281
0.00033783912658691406
0.0003573894500732422
0.0003440380096435547
0.0003268718719482422
0.00025200843811035156
0.00032019615173339844
0.00032711029052734375
0.00031495094299316406
0.0003223419189453125
0.0003535747528076172
0.0003650188446044922
0.00035834312438964844
0.0003571510314941406
0.0003676414489746094
0.0003662109375
0.0003573894500732422
0.0003592967987060547
0.0003604888916015625
0.0003592967987060547
0.0003533363342285156
0.0003523826599121094
0.00035071372985839844
0.0003719329833984375
0.0003635883331298828
0.0003638267517089844
0.00034880638122558594
0.0003638267517089844
0.00034809112548828125
0.0003476142883300781
0.0003478527069091797
0.0003604888916015625
0.0003657341003417969
0.00035452842712402344
0.00034499168395996094
0.0003478527069091797
0.0003571510314941406
0.0003619194030761719
0.0003886222839355469
0.0003514289855957031
0.0003414154052734375
0.0003476142883300781
0.000354766845703125
0.0003447532653808594
0.00034737586975097656
0.0003476142883300781
0.0003597736358642578
0.00034999847412109375
0.0003600120544433594
0.00034117698669433594
0.0003457069396972656
0.0003390312194824219
0.0003578662872314453
0.0003426074981689453
0.00034165382385253906
0.0003440380096435547
0.0003542900085449219
0.00034308433532714844
0.000362396240234375
0.0003502368927001953
0.0003523826599121094
0.0004949569702148438
0.00035953521728515625
0.00034427642822265625
0.0003407001495361328
0.000453948974609375
0.00033473968505859375
0.00034928321838378906
0.0003540515899658203
0.0003464221954345703
0.0003445148468017578
0.0003371238708496094
0.00032973289489746094
0.0003345012664794922
0.0003287792205810547
0.0003552436828613281
0.0003287792205810547
0.0003287792205810547
0.00035643577575683594
0.00037169456481933594
0.0003719329833984375
0.00034999847412109375
0.0003306865692138672
0.0003383159637451172
0.00032973289489746094
0.0003352165222167969
0.00035500526428222656
0.0003409385681152344
0.0003268718719482422
0.0003414154052734375
0.00033283233642578125
0.0003368854522705078
0.0003521442413330078
0.0003337860107421875
0.0003333091735839844
0.0004923343658447266
0.00035643577575683594
0.00037407875061035156
0.0003628730773925781
0.000347137451171875
0.00036716461181640625
0.00035190582275390625
0.0003514289855957031
0.0003609657287597656
0.0003516674041748047
0.00035500526428222656
0.00034427642822265625
0.0003459453582763672
0.0003414154052734375
0.00034165382385253906
0.00035262107849121094
0.0003619194030761719
0.000339508056640625
0.0003361701965332031
0.0003407001495361328
0.0005018711090087891
0.0003590583801269531
0.00034236907958984375
0.0003209114074707031
0.0003256797790527344
0.00032258033752441406
0.0003159046173095703
0.00032329559326171875
0.0003235340118408203
0.00033283233642578125
0.0003190040588378906
0.0003504753112792969
0.00034117698669433594
0.0003180503845214844
0.0003132820129394531
0.0003314018249511719
0.0003151893615722656
0.00032210350036621094
0.00030159950256347656
0.0003063678741455078
0.0003209114074707031
0.00032067298889160156
0.00030994415283203125
0.0003139972686767578
0.0003368854522705078
0.00035762786865234375
0.0003113746643066406
0.000308990478515625
0.00031185150146484375
0.0003018379211425781
0.0004329681396484375
0.00031638145446777344
0.00031304359436035156
0.0003008842468261719
0.0002994537353515625
0.0003101825714111328
0.00030541419982910156
0.00030517578125
0.00031828880310058594
0.00030875205993652344
0.0003039836883544922
0.0003085136413574219
0.0003066062927246094
0.00033545494079589844
0.0003464221954345703
0.00031566619873046875
0.0003135204315185547
0.00029659271240234375
0.0003228187561035156
0.0002994537353515625
0.00030684471130371094
0.00032329559326171875
0.0003063678741455078
0.00029969215393066406
0.00029468536376953125
0.0003192424774169922
0.0003066062927246094
0.000301361083984375
0.0003032684326171875
0.0003056526184082031
0.00030612945556640625
0.0002963542938232422
0.00029730796813964844
0.00029754638671875
0.00032711029052734375
0.0003209114074707031
0.0003178119659423828
0.00033402442932128906
0.0003204345703125
0.00033974647521972656
0.0003292560577392578
0.0003719329833984375
0.00032830238342285156
0.0003075599670410156
0.0002846717834472656
0.00031113624572753906
0.0002949237823486328
0.00032329559326171875
0.0002872943878173828
0.0002980232238769531
0.00030303001403808594
0.0002944469451904297
0.0002989768981933594
0.0002932548522949219
0.0002887248992919922
0.0009624958038330078
0.0009996891021728516
0.0009646415710449219
0.0009846687316894531
0.0009596347808837891
0.0009870529174804688
0.0009801387786865234
0.0011157989501953125
0.0009653568267822266
0.0009756088256835938
0.0009646415710449219
0.0010981559753417969
0.0009570121765136719
0.0009584426879882812
0.0009801387786865234
0.0009770393371582031
0.0011284351348876953
0.0009567737579345703
0.0009593963623046875
0.0009839534759521484
0.0009605884552001953
0.0009503364562988281
0.0009608268737792969
0.0009558200836181641
0.0009636878967285156
0.0009853839874267578
0.0009570121765136719
0.0009806156158447266
0.0009496212005615234
0.0010104179382324219
0.0009860992431640625
0.0009567737579345703
0.0009551048278808594
0.0009605884552001953
0.0009672641754150391
0.0009701251983642578
0.0009930133819580078
0.0009748935699462891
0.0010044574737548828
0.0009822845458984375
0.000993490219116211
0.0009686946868896484
0.0009882450103759766
0.0009744167327880859
0.0009744167327880859
0.0011184215545654297
0.0009884834289550781
0.0009758472442626953
0.0009706020355224609
0.000985860824584961
0.0009777545928955078
0.0009865760803222656
0.0009810924530029297
0.0009684562683105469
0.0009679794311523438
0.0011103153228759766
0.0009703636169433594
0.0009984970092773438
0.0009808540344238281
0.0009760856628417969
0.0010933876037597656
0.0009829998016357422
0.0009622573852539062
0.0009813308715820312
0.0009584426879882812
0.0010581016540527344
0.0009720325469970703
0.0009703636169433594
0.000957489013671875
0.0009586811065673828
0.0009589195251464844
0.0009427070617675781
0.0009713172912597656
0.0009813308715820312
0.0011379718780517578
0.0009691715240478516
0.0009591579437255859
0.0009567737579345703
0.0009751319885253906
0.000978708267211914
0.0009591579437255859
0.0009667873382568359
0.0009624958038330078
0.00098419189453125
0.0011332035064697266
0.0009646415710449219
0.0009603500366210938
0.0009570121765136719
0.0009839534759521484
0.0011217594146728516
0.0009541511535644531
0.0009553432464599609
0.0009698867797851562
0.0009636878967285156
0.0011227130889892578
0.0009572505950927734
0.0009484291076660156
0.0009739398956298828
0.0009589195251464844
0.0009720325469970703
0.0009672641754150391
0.0009624958038330078
0.0009517669677734375
0.0009613037109375
0.0009546279907226562
0.0009708404541015625
0.000949859619140625
0.0009684562683105469
0.0009627342224121094
0.0009586811065673828
0.0009641647338867188
0.0009543895721435547
0.0009477138519287109
0.001138448715209961
0.0009448528289794922
0.0009539127349853516
0.00095367431640625
0.0009586811065673828
0.0010001659393310547
0.0009462833404541016
0.0009410381317138672
0.0009264945983886719
0.0009295940399169922
0.0009634494781494141
0.0009210109710693359
0.0009331703186035156
0.0009260177612304688
0.0009214878082275391
0.0009241104125976562
0.0009419918060302734
0.0009467601776123047
0.0009143352508544922
0.0009295940399169922
0.0009379386901855469
0.0009157657623291016
0.0009407997131347656
0.000946044921875
0.00093841552734375
0.0011055469512939453
0.000949859619140625
0.0010025501251220703
0.0009224414825439453
0.0009524822235107422
0.0009253025054931641
0.0009207725524902344
0.0009233951568603516
0.0009214878082275391
0.0009753704071044922
0.0010824203491210938
0.00093841552734375
0.0009419918060302734
0.0009579658508300781
0.0009524822235107422
0.0010197162628173828
0.0009412765502929688
0.0009393692016601562
0.0009131431579589844
0.0009601116180419922
0.0011394023895263672
0.0009350776672363281
0.0009548664093017578
0.0009362697601318359
0.0009441375732421875
0.0009679794311523438
0.0009715557098388672
0.0009534358978271484
0.0009555816650390625
0.0009565353393554688
0.0009355545043945312
0.00095367431640625
0.0009343624114990234
0.0009381771087646484
0.0009527206420898438
0.00093841552734375
0.0009350776672363281
0.0009491443634033203
0.0009400844573974609
0.0009446144104003906
0.0009365081787109375
0.0009374618530273438
0.0009572505950927734
0.0009293556213378906
0.0009455680847167969
0.001129150390625
0.0009298324584960938
0.0009450912475585938
0.0009372234344482422
0.0009379386901855469
0.0011093616485595703
0.0009529590606689453
0.0009889602661132812
0.0009341239929199219
0.0009386539459228516
0.0009534358978271484
0.0009808540344238281
0.0009360313415527344
0.0009393692016601562
0.0009267330169677734
0.0009641647338867188
0.0009372234344482422
0.0009284019470214844
0.0009572505950927734
0.00093841552734375
0.0010914802551269531
0.0009183883666992188
0.0009450912475585938
0.0009300708770751953
0.0009276866912841797
0.0009293556213378906
0.0009381771087646484
0.0009307861328125
0.0009469985961914062
0.0009531974792480469
0.000972747802734375
0.0009303092956542969
0.0009322166442871094
0.0009379386901855469
0.0009567737579345703
0.0009281635284423828
0.0009243488311767578
0.0009303092956542969
0.0009126663208007812
0.0010600090026855469
0.0009181499481201172
0.0009303092956542969
0.0009067058563232422
0.001065969467163086
0.0010576248168945312
0.0009093284606933594
0.0009188652038574219
0.0009353160858154297
0.0009169578552246094
0.0010793209075927734
0.0009059906005859375
0.0009009838104248047
0.0009355545043945312
0.0009362697601318359
0.0009000301361083984
0.0009350776672363281
0.000904083251953125
0.0009369850158691406
0.0009372234344482422
0.0009274482727050781
0.0009319782257080078
0.0009429454803466797
0.0009512901306152344
0.001081705093383789
0.0008854866027832031
0.00092315673828125
0.0009245872497558594
0.0009241104125976562
0.0011012554168701172
0.0009307861328125
0.0009260177612304688
0.0009629726409912109
0.0009248256683349609
0.0009601116180419922
0.0009276866912841797
0.0009195804595947266
0.0009219646453857422
0.0008943080902099609
0.0010986328125
0.0009200572967529297
0.0009505748748779297
0.0009465217590332031
0.0009241104125976562
0.0009255409240722656
0.0009284019470214844
0.0009756088256835938
0.0009317398071289062
0.0009386539459228516
0.0009350776672363281
0.0009229183197021484
0.0009205341339111328
0.0009186267852783203
0.0009479522705078125
0.0009267330169677734
0.0009171962738037109
0.0008966922760009766
0.0009260177612304688
0.000985860824584961
0.0008952617645263672
0.0009038448333740234
0.0009057521820068359
0.000896453857421875
0.001043081283569336
0.00023627281188964844
0.00020742416381835938
0.00024390220642089844
0.00022482872009277344
0.00021958351135253906
0.00023031234741210938
0.00021147727966308594
0.0003476142883300781
0.000213623046875
0.000263214111328125
0.0002391338348388672
0.00022745132446289062
0.0002434253692626953
0.00025963783264160156
0.0002562999725341797
0.00022220611572265625
0.0003001689910888672
0.0002582073211669922
0.0002110004425048828
0.0003478527069091797
0.0002384185791015625
0.00020360946655273438
0.00020742416381835938
0.00021791458129882812
0.00021600723266601562
0.00028395652770996094
0.00019812583923339844
0.00029206275939941406
0.0002167224884033203
0.0002048015594482422
0.000278472900390625
0.0002009868621826172
0.00020694732666015625
0.00020194053649902344
0.0002105236053466797
0.00022292137145996094
0.00025773048400878906
0.00016260147094726562
0.0002067089080810547
0.000255584716796875
0.00025391578674316406
0.00022673606872558594
0.0002982616424560547
0.00023365020751953125
0.0004324913024902344
0.00020122528076171875
0.00023484230041503906
0.00022029876708984375
0.0002865791320800781
0.00022554397583007812
0.00023984909057617188
0.00027489662170410156
0.000240325927734375
0.00017905235290527344
0.00022912025451660156
0.00020599365234375
0.00018715858459472656
0.00018405914306640625
0.00022530555725097656
0.00018644332885742188
0.0001881122589111328
0.00025963783264160156
0.0002205371856689453
0.0002262592315673828
0.0002586841583251953
0.0002455711364746094
0.0002696514129638672
0.00021600723266601562
0.0002646446228027344
0.00024318695068359375
0.00020623207092285156
0.0002334117889404297
0.0002231597900390625
0.0002751350402832031
0.00019788742065429688
0.0002162456512451172
0.00023984909057617188
0.0002465248107910156
0.00018978118896484375
0.00023651123046875
0.00023102760314941406
0.0002460479736328125
0.0002353191375732422
0.0001862049102783203
0.000202178955078125
0.00025200843811035156
0.00017714500427246094
0.00017952919006347656
0.0001747608184814453
0.00015592575073242188
0.00016164779663085938
0.00021028518676757812
0.0001952648162841797
0.0001862049102783203
0.0002186298370361328
0.0002994537353515625
0.0002200603485107422
0.0001919269561767578
0.0001850128173828125
0.00018787384033203125
0.00018715858459472656
0.00018286705017089844
0.00020241737365722656
0.0001964569091796875
0.0001804828643798828
0.0001957416534423828
0.00018644332885742188
0.0001938343048095703
0.00018072128295898438
0.0001971721649169922
0.00017309188842773438
0.00019240379333496094
0.00019025802612304688
0.0001900196075439453
0.00017690658569335938
0.00018215179443359375
0.00020122528076171875
0.00019168853759765625
0.00017547607421875
0.00017547607421875
0.00019669532775878906
0.00020074844360351562
0.0001780986785888672
0.0001690387725830078
0.00020766258239746094
0.00017881393432617188
0.00017523765563964844
0.00018835067749023438
0.0002281665802001953
0.00018525123596191406
0.00032138824462890625
0.00020051002502441406
0.00019431114196777344
0.00018715858459472656
0.00019216537475585938
0.00018596649169921875
0.00018858909606933594
0.00017833709716796875
0.00017905235290527344
0.00018310546875
0.0001704692840576172
0.0002834796905517578
0.00020003318786621094
0.00018644332885742188
0.0002486705780029297
5.53131103515625e-05
8.177757263183594e-05
5.0067901611328125e-05
0.0002646446228027344
0.00017261505126953125
0.00012969970703125
0.0001850128173828125
0.00015211105346679688
0.00017070770263671875
0.00017881393432617188
0.00016188621520996094
0.0001647472381591797
0.0001862049102783203
0.00017905235290527344
0.00023436546325683594
0.00017595291137695312
0.0001785755157470703
0.0001857280731201172
0.0001671314239501953
0.00014853477478027344
0.0001838207244873047
0.00016832351684570312
0.00017333030700683594
0.00018024444580078125
0.0001881122589111328
0.00019359588623046875
0.00018167495727539062
0.00019669532775878906
0.00016760826110839844
0.00020599365234375
0.00020170211791992188
0.00016546249389648438
0.0001983642578125
0.00020456314086914062
0.00020933151245117188
0.00017833709716796875
0.00017499923706054688
0.00016379356384277344
0.00017189979553222656
0.00019073486328125
0.0001652240753173828
0.00017642974853515625
0.000240325927734375
0.0001862049102783203
0.0001766681671142578
0.000335693359375
0.00021076202392578125
0.00020647048950195312
0.00019812583923339844
0.0002155303955078125
0.0002033710479736328
0.00020241737365722656
0.0002193450927734375
0.00019741058349609375
0.00022172927856445312
0.0001995563507080078
0.0001976490020751953
0.00021696090698242188
0.00017952919006347656
0.0002193450927734375
0.00019669532775878906
0.0001914501190185547
0.00020575523376464844
0.00021028518676757812
0.00020241737365722656
0.0002052783966064453
0.0002009868621826172
0.00019741058349609375
0.00020265579223632812
0.000194549560546875
0.00019598007202148438
0.00019621849060058594
0.0001919269561767578
0.0002129077911376953
0.00019860267639160156
0.00019431114196777344
0.00021767616271972656
0.0001983642578125
0.00019741058349609375
0.0001919269561767578
0.00019431114196777344
0.00021123886108398438
0.0001971721649169922
0.00019669532775878906
0.00020456314086914062
0.000194549560546875
0.0001697540283203125
0.0001919269561767578
0.00020956993103027344
0.0001957416534423828
0.00031948089599609375
0.00019240379333496094
0.00020623207092285156
0.00019168853759765625
0.00019097328186035156
0.00018787384033203125
0.00019097328186035156
0.0001900196075439453
0.00018835067749023438
0.00013327598571777344
0.00019025802612304688
0.00020241737365722656
0.000240325927734375
0.00021147727966308594
0.00019025802612304688
0.00019431114196777344
0.00018978118896484375
0.00018930435180664062
0.0001971721649169922
0.0002067089080810547
0.000186920166015625
0.00022077560424804688
0.00018286705017089844
0.0002841949462890625
0.00018167495727539062
0.00020837783813476562
0.0001888275146484375
0.00018262863159179688
0.00018358230590820312
0.0001823902130126953
0.0001780986785888672
0.0001850128173828125
0.00018548965454101562
0.00018596649169921875
0.00017976760864257812
0.00018787384033203125
0.00017333030700683594
0.0001800060272216797
0.00032401084899902344
0.00019431114196777344
0.00018453598022460938
0.00018978118896484375
0.00018143653869628906
0.00017499923706054688
0.00015211105346679688
0.0001480579376220703
0.00017881393432617188
0.00028014183044433594
0.00020623207092285156
0.00016736984252929688
0.000179290771484375
0.00017690658569335938
0.0001952648162841797
0.00016570091247558594
0.0001747608184814453
0.00018072128295898438
0.00018835067749023438
0.0001780986785888672
0.00021505355834960938
0.0002002716064453125
0.00017642974853515625
0.00019288063049316406
0.00017881393432617188
0.00018787384033203125
0.0001766681671142578
0.0001773834228515625
0.00014781951904296875
0.00018835067749023438
0.0001838207244873047
0.0001842975616455078
0.00017213821411132812
0.00017213821411132812
0.0001728534698486328
0.0001480579376220703
0.00017690658569335938
0.00019931793212890625
0.00031185150146484375
0.00027370452880859375
0.00017118453979492188
0.000171661376953125
0.0001862049102783203
0.0001685619354248047
0.00017499923706054688
0.00017404556274414062
0.00016689300537109375
0.0001709461212158203
0.00014019012451171875
0.00017333030700683594
0.0001850128173828125
0.00017023086547851562
0.00019812583923339844
0.00014257431030273438
0.0001976490020751953
0.00017118453979492188
0.00019311904907226562
0.0003876686096191406
0.00017404556274414062
0.00011539459228515625
0.0001780986785888672
0.0001575946807861328
0.00016236305236816406
0.0001690387725830078
0.0008420944213867188
0.0008404254913330078
0.0008311271667480469
0.0008475780487060547
0.0008511543273925781
0.0008423328399658203
0.0008263587951660156
0.0009584426879882812
0.0008211135864257812
0.0008084774017333984
0.0008196830749511719
0.0008358955383300781
0.00099945068359375
0.0008392333984375
0.0008327960968017578
0.0008337497711181641
0.0008454322814941406
0.0008440017700195312
0.0008370876312255859
0.0008466243743896484
0.0008640289306640625
0.0009667873382568359
0.0008137226104736328
0.0008075237274169922
0.0008130073547363281
0.0008223056793212891
0.0009679794311523438
0.0008242130279541016
0.0008056163787841797
0.0008552074432373047
0.0009043216705322266
0.0008285045623779297
0.0008060932159423828
0.0007879734039306641
0.0008063316345214844
0.0008234977722167969
0.0008172988891601562
0.0008261203765869141
0.0007908344268798828
0.0008394718170166016
0.0009963512420654297
0.0008451938629150391
0.0008325576782226562
0.0008282661437988281
0.0008389949798583984
0.0010116100311279297
0.0008351802825927734
0.0008456707000732422
0.0008287429809570312
0.0008268356323242188
0.0008249282836914062
0.0008275508880615234
0.0008230209350585938
0.0008203983306884766
0.0008263587951660156
0.0008223056793212891
0.0008158683776855469
0.0008211135864257812
0.0008451938629150391
0.0009899139404296875
0.0008389949798583984
0.0008275508880615234
0.0008502006530761719
0.000789642333984375
0.0008792877197265625
0.0008170604705810547
0.0008602142333984375
0.0008409023284912109
0.0008168220520019531
0.0008141994476318359
0.0008561611175537109
0.0008454322814941406
0.0007884502410888672
0.0011038780212402344
0.0008289813995361328
0.0008258819580078125
0.0008556842803955078
0.000827789306640625
0.0008203983306884766
0.0008382797241210938
0.0008332729339599609
0.0008149147033691406
0.0008358955383300781
0.0008170604705810547
0.0007965564727783203
0.0007948875427246094
0.0008039474487304688
0.0008494853973388672
0.0008130073547363281
0.0008301734924316406
0.0008285045623779297
0.0008292198181152344
0.0009856224060058594
0.0008521080017089844
0.0007925033569335938
0.0008347034454345703
0.0008373260498046875
0.0009505748748779297
0.0008082389831542969
0.0008189678192138672
0.0008170604705810547
0.0008068084716796875
0.0008194446563720703
0.0008566379547119141
0.0008633136749267578
0.0008177757263183594
0.0009486675262451172
0.000820159912109375
0.0008060932159423828
0.0008192062377929688
0.0008606910705566406
0.0008258819580078125
0.0007812976837158203
0.0008394718170166016
0.0008413791656494141
0.0008106231689453125
0.0009524822235107422
0.0008192062377929688
0.0008451938629150391
0.0011324882507324219
0.000751495361328125
0.0009753704071044922
0.0008091926574707031
0.0008029937744140625
0.0008060932159423828
0.00081634521484375
0.0008459091186523438
0.0007984638214111328
0.0008051395416259766
0.000843048095703125
0.0009741783142089844
0.0008041858673095703
0.0007505416870117188
0.0008168220520019531
0.0008420944213867188
0.0008480548858642578
0.0007994174957275391
0.0008487701416015625
0.0007925033569335938
0.0007913112640380859
0.0010166168212890625
0.0007765293121337891
0.0007891654968261719
0.0008084774017333984
0.0008175373077392578
0.0009386539459228516
0.0007963180541992188
0.0008022785186767578
0.0008161067962646484
0.0008037090301513672
0.0008029937744140625
0.00079345703125
0.0008046627044677734
0.0007970333099365234
0.0010120868682861328
0.0007951259613037109
0.0008001327514648438
0.0008418560028076172
0.0008246898651123047
0.0009799003601074219
0.0008518695831298828
0.0008084774017333984
0.0008127689361572266
0.0008194446563720703
0.0008268356323242188
0.0007944107055664062
0.0008220672607421875
0.0007688999176025391
0.0009400844573974609
0.0008358955383300781
0.0007846355438232422
0.0008046627044677734
0.0008082389831542969
0.0007932186126708984
0.0007283687591552734
0.0008318424224853516
0.0007977485656738281
0.000980377197265625
0.0008189678192138672
0.0008578300476074219
0.0007946491241455078
0.00011467933654785156
8.654594421386719e-05
0.00010180473327636719
0.00011515617370605469
9.250640869140625e-05
8.463859558105469e-05
8.392333984375e-05
0.00010538101196289062
0.00010824203491210938
0.00011849403381347656
0.0002684593200683594
0.00013375282287597656
9.846687316894531e-05
9.107589721679688e-05
9.441375732421875e-05
9.250640869140625e-05
0.00010251998901367188
0.00010728836059570312
9.489059448242188e-05
9.369850158691406e-05
8.940696716308594e-05
8.797645568847656e-05
8.296966552734375e-05
0.00010204315185546875
9.5367431640625e-07
0.00010514259338378906
8.344650268554688e-05
8.869171142578125e-05
0.0001010894775390625
9.298324584960938e-05
0.0001220703125
8.20159912109375e-05
8.821487426757812e-05
0.00011229515075683594
0.00011110305786132812
0.00010561943054199219
0.00010418891906738281
8.225440979003906e-05
9.441375732421875e-05
0.00010728836059570312
0.00011777877807617188
0.00010633468627929688
8.296966552734375e-05
7.987022399902344e-05
8.630752563476562e-05
9.107589721679688e-05
8.034706115722656e-05
8.487701416015625e-05
9.34600830078125e-05
9.512901306152344e-05
8.893013000488281e-05
7.891654968261719e-05
8.678436279296875e-05
8.344650268554688e-05
8.225440979003906e-05
8.559226989746094e-05
8.106231689453125e-05
8.535385131835938e-05
7.152557373046875e-05
7.772445678710938e-05
7.653236389160156e-05
8.034706115722656e-05
7.43865966796875e-05
8.463859558105469e-05
7.510185241699219e-05
9.083747863769531e-05
0.00040030479431152344
7.653236389160156e-05
7.224082946777344e-05
7.700920104980469e-05
7.486343383789062e-05
7.200241088867188e-05
6.794929504394531e-05
9.655952453613281e-05
8.845329284667969e-05
0.00010013580322265625
8.416175842285156e-05
9.059906005859375e-05
6.842613220214844e-05
7.104873657226562e-05
7.772445678710938e-05
7.271766662597656e-05
9.465217590332031e-05
7.748603820800781e-05
7.152557373046875e-05
0.00019025802612304688
7.224082946777344e-05
6.890296936035156e-05
0.00012564659118652344
7.200241088867188e-05
6.4849853515625e-05
6.532669067382812e-05
8.702278137207031e-05
6.008148193359375e-05
6.794929504394531e-05
8.273124694824219e-05
7.343292236328125e-05
3.0994415283203125e-05
3.1948089599609375e-05
4.553794860839844e-05
4.982948303222656e-05
4.935264587402344e-05
2.1696090698242188e-05
5.745887756347656e-05
0.00017333030700683594
4.57763671875e-05
8.893013000488281e-05
7.581710815429688e-05
7.987022399902344e-05
8.487701416015625e-05
0.00011277198791503906
9.632110595703125e-05
8.96453857421875e-05
6.437301635742188e-05
4.8160552978515625e-05
8.654594421386719e-05
5.1975250244140625e-05
4.458427429199219e-05
7.915496826171875e-05
5.4836273193359375e-05
6.985664367675781e-05
4.482269287109375e-05
7.987022399902344e-05
0.0001964569091796875
7.104873657226562e-05
4.601478576660156e-05
4.8160552978515625e-05
7.987022399902344e-05
7.319450378417969e-05
5.2928924560546875e-05
0.00012969970703125
4.38690185546875e-05
4.100799560546875e-05
6.389617919921875e-05
4.172325134277344e-05
5.817413330078125e-05
3.337860107421875e-05
7.43865966796875e-05
0.00017976760864257812
7.557868957519531e-05
0.00011539459228515625
8.702278137207031e-05
2.86102294921875e-05
7.43865966796875e-05
7.724761962890625e-05
5.340576171875e-05
6.461143493652344e-05
7.605552673339844e-05
5.7220458984375e-05
6.198883056640625e-05
7.748603820800781e-05
9.012222290039062e-05
6.198883056640625e-05
7.390975952148438e-05
7.700920104980469e-05
6.628036499023438e-05
7.414817810058594e-05
7.05718994140625e-05
4.9114227294921875e-05
4.792213439941406e-05
6.556510925292969e-05
8.034706115722656e-05
6.175041198730469e-05
9.775161743164062e-05
6.890296936035156e-05
6.580352783203125e-05
5.626678466796875e-05
4.482269287109375e-05
8.249282836914062e-05
6.341934204101562e-05
9.489059448242188e-05
8.249282836914062e-05
9.846687316894531e-05
0.00010800361633300781
6.365776062011719e-05
0.0007483959197998047
0.0007638931274414062
0.0007398128509521484
0.0007350444793701172
0.0007319450378417969
0.0007524490356445312
0.0007922649383544922
0.0007326602935791016
0.0007348060607910156
0.0007381439208984375
0.0007259845733642578
0.0008783340454101562
0.0007476806640625
0.0007319450378417969
0.0007534027099609375
0.0007975101470947266
0.0007376670837402344
0.0007693767547607422
0.0007259845733642578
0.0007205009460449219
0.0009002685546875
0.0007870197296142578
0.0007326602935791016
0.0008211135864257812
0.0007467269897460938
0.0007436275482177734
0.0007729530334472656
0.00079345703125
0.0007681846618652344
0.0007271766662597656
0.0007429122924804688
0.0007359981536865234
0.0007185935974121094
0.0007176399230957031
0.0007352828979492188
0.0008881092071533203
0.0007269382476806641
0.0007309913635253906
0.0007603168487548828
0.0007495880126953125
0.0007314682006835938
0.0007352828979492188
0.0007681846618652344
0.0006473064422607422
0.0009913444519042969
0.0007269382476806641
0.0007328987121582031
0.0007238388061523438
0.000743865966796875
0.0007550716400146484
0.0007345676422119141
0.0007228851318359375
0.0007002353668212891
0.0007252693176269531
0.0008502006530761719
0.0007200241088867188
0.0007891654968261719
0.0007412433624267578
0.0007686614990234375
0.0007224082946777344
0.0007288455963134766
0.0007264614105224609
0.0007224082946777344
0.0007693767547607422
0.0006957054138183594
0.0006959438323974609
0.0007028579711914062
0.0007500648498535156
0.0007002353668212891
0.0006914138793945312
0.0007088184356689453
0.0007042884826660156
0.0007681846618652344
0.0008499622344970703
0.0006940364837646484
0.0007224082946777344
0.0007045269012451172
0.0007839202880859375
0.0008299350738525391
0.0007233619689941406
0.0007259845733642578
0.0007426738739013672
0.0008933544158935547
0.0007271766662597656
0.0007240772247314453
0.0007092952728271484
0.0007627010345458984
0.0008409023284912109
0.0007488727569580078
0.0007121562957763672
0.0007355213165283203
0.00074005126953125
0.0007290840148925781
0.0007264614105224609
0.0007176399230957031
0.0007214546203613281
0.0007021427154541016
0.0008294582366943359
0.0007104873657226562
0.000690460205078125
0.0006890296936035156
0.0006892681121826172
0.000690460205078125
0.0007164478302001953
0.0006880760192871094
0.0006825923919677734
0.0007028579711914062
0.0006906986236572266
0.0006778240203857422
0.0007083415985107422
0.0007131099700927734
0.0007088184356689453
0.0007493495941162109
0.0006618499755859375
0.0007076263427734375
-2.3603439331054688e-05
-8.106231689453125e-06
0.0001895427703857422
2.4080276489257812e-05
8.58306884765625e-06
5.245208740234375e-06
-2.3603439331054688e-05
-3.2901763916015625e-05
-4.363059997558594e-05
-3.6716461181640625e-05
4.291534423828125e-05
-3.814697265625e-05
-4.267692565917969e-05
-3.147125244140625e-05
-2.574920654296875e-05
-3.0279159545898438e-05
-3.719329833984375e-05
-2.9325485229492188e-05
-1.0728836059570312e-05
-2.1457672119140625e-05
-3.337860107421875e-05
3.123283386230469e-05
-9.298324584960938e-06
3.0994415283203125e-06
3.337860107421875e-06
-3.337860107421875e-06
3.266334533691406e-05
-6.67572021484375e-06
3.123283386230469e-05
-1.52587890625e-05
-1.2636184692382812e-05
6.270408630371094e-05
7.152557373046875e-06
-1.621246337890625e-05
-0.00010943412780761719
-2.2649765014648438e-05
-1.0013580322265625e-05
-2.1457672119140625e-06
-1.0728836059570312e-05
-3.0040740966796875e-05
-1.0967254638671875e-05
-3.337860107421875e-06
-2.002716064453125e-05
1.430511474609375e-06
-3.933906555175781e-05
-5.7220458984375e-06
-1.239776611328125e-05
-1.8358230590820312e-05
-1.9311904907226562e-05
-4.0531158447265625e-06
-1.33514404296875e-05
-1.2874603271484375e-05
-1.7881393432617188e-05
-1.0013580322265625e-05
-2.3126602172851562e-05
3.528594970703125e-05
-2.6941299438476562e-05
-2.4080276489257812e-05
-1.8835067749023438e-05
-2.0265579223632812e-05
-2.09808349609375e-05
-3.8623809814453125e-05
-2.7418136596679688e-05
-4.57763671875e-05
-2.9325485229492188e-05
-4.744529724121094e-05
-2.384185791015625e-05
-1.7404556274414062e-05
-1.9550323486328125e-05
-2.956390380859375e-05
-3.600120544433594e-05
-2.6941299438476562e-05
-1.430511474609375e-05
-3.123283386230469e-05
0.0
-2.2172927856445312e-05
-2.2411346435546875e-05
-3.0279159545898438e-05
4.291534423828125e-06
-1.0013580322265625e-05
-3.361701965332031e-05
6.127357482910156e-05
-3.075599670410156e-05
-2.6941299438476562e-05
-4.2438507080078125e-05
1.049041748046875e-05
0.00012087821960449219
-2.3603439331054688e-05
-1.1682510375976562e-05
-9.775161743164062e-06
-1.430511474609375e-05
-2.1696090698242188e-05
-3.9577484130859375e-05
-2.8371810913085938e-05
-3.647804260253906e-05
-6.937980651855469e-05
-1.3113021850585938e-05
-2.2172927856445312e-05
-4.410743713378906e-05
-2.9802322387695312e-05
-3.218650817871094e-05
-3.0517578125e-05
-3.4332275390625e-05
-3.790855407714844e-05
-3.2901763916015625e-05
-2.6226043701171875e-05
-3.695487976074219e-05
-3.337860107421875e-05
-3.0994415283203125e-05
-4.482269287109375e-05
-7.3909759521484375e-06
-2.9802322387695312e-05
6.222724914550781e-05
-1.2636184692382812e-05
-3.457069396972656e-05
-4.9114227294921875e-05
-3.337860107421875e-05
-3.24249267578125e-05
-3.838539123535156e-05
-3.4332275390625e-05
-2.9802322387695312e-05
-3.4332275390625e-05
-4.2438507080078125e-05
-3.743171691894531e-05
0.0001087188720703125
-3.6716461181640625e-05
-4.220008850097656e-05
-1.8358230590820312e-05
-2.5987625122070312e-05
4.935264587402344e-05
8.20159912109375e-05
-3.5762786865234375e-05
2.5272369384765625e-05
6.723403930664062e-05
4.863739013671875e-05
-3.5762786865234375e-06
-2.6226043701171875e-05
-5.245208740234375e-06
-2.956390380859375e-05
-2.0265579223632812e-05
-1.8358230590820312e-05
-3.314018249511719e-05
-4.506111145019531e-05
-3.6716461181640625e-05
-2.2649765014648438e-05
-4.00543212890625e-05
-2.8133392333984375e-05
-6.29425048828125e-05
-3.7670135498046875e-05
-4.76837158203125e-06
-1.3589859008789062e-05
-3.24249267578125e-05
-3.314018249511719e-05
-4.6253204345703125e-05
-8.225440979003906e-05
-2.8133392333984375e-05
-2.6464462280273438e-05
-2.86102294921875e-05
-3.0517578125e-05
-2.4080276489257812e-05
-2.5987625122070312e-05
-3.743171691894531e-05
-1.2636184692382812e-05
-2.5033950805664062e-05
-2.7894973754882812e-05
-3.504753112792969e-05
-3.0040740966796875e-05
-1.621246337890625e-05
-2.7179718017578125e-05
-2.002716064453125e-05
-3.1948089599609375e-05
-3.2901763916015625e-05
-3.600120544433594e-05
2.6702880859375e-05
-6.914138793945312e-05
-2.4318695068359375e-05
-3.910064697265625e-05
-3.743171691894531e-05
9.202957153320312e-05
-2.5987625122070312e-05
-2.4080276489257812e-05
-5.650520324707031e-05
-1.71661376953125e-05
-3.933906555175781e-05
-2.9325485229492188e-05
-1.9788742065429688e-05
-9.5367431640625e-06
0.00010585784912109375
-2.5033950805664062e-05
-2.3126602172851562e-05
-1.7881393432617188e-05
-3.170967102050781e-05
-1.3113021850585938e-05
-1.8596649169921875e-05
-2.6464462280273438e-05
-1.6689300537109375e-05
-2.3365020751953125e-05
0.0
-9.059906005859375e-06
-3.600120544433594e-05
-3.123283386230469e-05
-2.765655517578125e-05
7.104873657226562e-05
-2.1219253540039062e-05
-2.4318695068359375e-05
3.62396240234375e-05
-3.1948089599609375e-05
-7.700920104980469e-05
-2.6941299438476562e-05
-1.9311904907226562e-05
-1.5735626220703125e-05
-1.2874603271484375e-05
-5.412101745605469e-05
-5.340576171875e-05
1.1920928955078125e-05
-1.71661376953125e-05
-2.3365020751953125e-05
-2.5033950805664062e-05
-2.6702880859375e-05
-2.384185791015625e-05
-7.414817810058594e-05
-2.3126602172851562e-05
-2.4557113647460938e-05
-2.193450927734375e-05
-2.384185791015625e-05
-2.0265579223632812e-05
-2.1219253540039062e-05
-4.410743713378906e-05
-3.504753112792969e-05
-8.535385131835938e-05
-4.076957702636719e-05
-4.887580871582031e-05
-4.839897155761719e-05
-3.3855438232421875e-05
-3.337860107421875e-05
-3.8623809814453125e-05
-5.340576171875e-05
-4.506111145019531e-05
-5.269050598144531e-05
-4.839897155761719e-05
-4.982948303222656e-05
7.3909759521484375e-06
-9.5367431640625e-06
-1.6689300537109375e-06
-5.4836273193359375e-06
0.00018167495727539062
-6.9141387939453125e-06
-2.0265579223632812e-05
-1.1205673217773438e-05
-2.86102294921875e-06
1.2636184692382812e-05
-8.821487426757812e-06
-1.6689300537109375e-06
1.6689300537109375e-06
-8.821487426757812e-06
-4.76837158203125e-06
-8.344650268554688e-06
-5.9604644775390625e-06
9.5367431640625e-07
1.5497207641601562e-05
-9.775161743164062e-06
-2.0265579223632812e-05
3.218650817871094e-05
-1.52587890625e-05
-5.125999450683594e-05
-1.7404556274414062e-05
-1.6450881958007812e-05
-1.0728836059570312e-05
8.344650268554688e-06
4.8160552978515625e-05
-4.76837158203125e-07
-1.1682510375976562e-05
-1.1682510375976562e-05
-1.0728836059570312e-05
5.4836273193359375e-06
1.0251998901367188e-05
-1.9550323486328125e-05
-8.58306884765625e-06
-5.0067901611328125e-06
-1.4781951904296875e-05
-8.082389831542969e-05
-1.0967254638671875e-05
-1.33514404296875e-05
-6.198883056640625e-06
-5.0067901611328125e-06
-1.430511474609375e-05
1.1920928955078125e-06
-4.76837158203125e-06
-3.170967102050781e-05
0.00013399124145507812
4.5299530029296875e-06
-1.0728836059570312e-05
-1.1920928955078125e-05
-8.821487426757812e-06
2.09808349609375e-05
5.3882598876953125e-05
1.430511474609375e-05
1.7404556274414062e-05
1.3828277587890625e-05
9.5367431640625e-06
2.09808349609375e-05
5.435943603515625e-05
1.2636184692382812e-05
1.2159347534179688e-05
1.8596649169921875e-05
1.239776611328125e-05
1.33514404296875e-05
5.650520324707031e-05
9.775161743164062e-06
1.9311904907226562e-05
1.6927719116210938e-05
4.3392181396484375e-05
-7.033348083496094e-05
0.00015211105346679688
3.1948089599609375e-05
8.58306884765625e-06
2.9325485229492188e-05
7.3909759521484375e-06
1.4781951904296875e-05
2.384185791015625e-05
1.3589859008789062e-05
6.198883056640625e-06
-9.894371032714844e-05
2.6226043701171875e-05
3.647804260253906e-05
1.9550323486328125e-05
1.4781951904296875e-05
1.4781951904296875e-05
-9.5367431640625e-06
2.5987625122070312e-05
-2.6941299438476562e-05
3.0279159545898438e-05
1.3589859008789062e-05
0.0001628398895263672
2.1457672119140625e-05
2.2172927856445312e-05
-9.775161743164062e-06
-2.5272369384765625e-05
-1.621246337890625e-05
0.00010776519775390625
-3.266334533691406e-05
-8.344650268554688e-06
-9.5367431640625e-06
-1.4066696166992188e-05
-7.271766662597656e-05
-2.384185791015625e-05
-1.6689300537109375e-06
-2.7179718017578125e-05
-2.4557113647460938e-05
-3.3855438232421875e-05
-2.7894973754882812e-05
-6.29425048828125e-05
-1.2636184692382812e-05
-1.1205673217773438e-05
-3.5762786865234375e-06
-2.765655517578125e-05
-3.337860107421875e-06
-1.3589859008789062e-05
-1.811981201171875e-05
-2.9802322387695312e-05
0.0
-8.106231689453125e-06
-2.5272369384765625e-05
5.9604644775390625e-05
-0.00011992454528808594
-2.2172927856445312e-05
-7.3909759521484375e-06
-2.7418136596679688e-05
1.0251998901367188e-05
9.5367431640625e-07
-2.4080276489257812e-05
-8.821487426757812e-06
-1.0728836059570312e-05
8.940696716308594e-05
-2.574920654296875e-05
-2.8371810913085938e-05
-2.6702880859375e-05
-3.314018249511719e-05
-5.6743621826171875e-05
-3.0517578125e-05
-9.298324584960938e-06
-1.5974044799804688e-05
-3.981590270996094e-05
-2.5033950805664062e-05
-2.6464462280273438e-05
-1.2636184692382812e-05
-2.8133392333984375e-05
-7.152557373046875e-07
-4.9114227294921875e-05
-3.647804260253906e-05
-4.315376281738281e-05
-5.340576171875e-05
-4.267692565917969e-05
-3.5762786865234375e-05
-3.9577484130859375e-05
-4.553794860839844e-05
-4.363059997558594e-05
-4.3392181396484375e-05
-4.9591064453125e-05
-2.7894973754882812e-05
-4.38690185546875e-05
-4.3392181396484375e-05
-4.57763671875e-05
-4.4345855712890625e-05
-4.553794860839844e-05
-4.7206878662109375e-05
-1.7642974853515625e-05
-2.5272369384765625e-05
-4.076957702636719e-05
-5.316734313964844e-05
-3.933906555175781e-05
-4.1484832763671875e-05
-3.314018249511719e-05
-3.528594970703125e-05
-3.24249267578125e-05
-3.266334533691406e-05
-3.695487976074219e-05
-4.982948303222656e-05
-2.288818359375e-05
-4.649162292480469e-05
-4.3392181396484375e-05
-3.552436828613281e-05
-5.1021575927734375e-05
-4.363059997558594e-05
-3.695487976074219e-05
-3.838539123535156e-05
-4.1961669921875e-05
-4.482269287109375e-05
-4.291534423828125e-05
0.0001125335693359375
0.00013756752014160156
0.0001723766326904297
0.00015044212341308594
0.00017833709716796875
0.00027823448181152344
0.00014495849609375
0.0001499652862548828
0.0001819133758544922
0.0001468658447265625
0.00016736984252929688
0.000141143798828125
0.0001533031463623047
0.000164031982421875
0.0001583099365234375
0.000152587890625
0.0001823902130126953
0.00015735626220703125
0.0001621246337890625
0.0002543926239013672
0.0001373291015625
0.00014019012451171875
0.00012612342834472656
0.00021314620971679688
0.00029468536376953125
0.0001633167266845703
0.00021457672119140625
0.00015163421630859375
0.00017380714416503906
0.0001919269561767578
0.0002148151397705078
0.0001952648162841797
0.00018072128295898438
0.0001704692840576172
0.00018715858459472656
0.00017404556274414062
0.0001628398895263672
0.0001804828643798828
0.0002613067626953125
0.00017452239990234375
0.00018262863159179688
0.0008590221405029297
0.0009660720825195312
0.0011241436004638672
0.0009655952453613281
0.0009572505950927734
0.0009331703186035156
0.0008513927459716797
0.0010845661163330078
0.0008327960968017578
0.0009639263153076172
0.0009491443634033203
-1.621246337890625e-05
5.793571472167969e-05
2.86102294921875e-06
3.600120544433594e-05
0.0007200241088867188
0.0006990432739257812
0.0006823539733886719
0.0006844997406005859
0.0007016658782958984
0.0007264614105224609
0.0008184909820556641
0.0006597042083740234
0.0006928443908691406
0.0006856918334960938
0.0007367134094238281
0.0006916522979736328
0.0007212162017822266
0.0006613731384277344
0.0006618499755859375
0.000698089599609375
0.0006880760192871094
0.0006818771362304688
0.0007231235504150391
0.0006854534149169922
0.0008594989776611328
0.0006890296936035156
0.0007052421569824219
0.0007374286651611328
0.0007462501525878906
0.0008165836334228516
0.0006921291351318359
0.0007138252258300781
0.0006701946258544922
0.0006780624389648438
0.0007929801940917969
0.0006775856018066406
0.0006570816040039062
0.0006604194641113281
0.0006785392761230469
0.0007121562957763672
0.0006690025329589844
0.0006666183471679688
0.0006685256958007812
0.0008299350738525391
0.0007231235504150391
0.0006954669952392578
0.0006916522979736328
0.0007269382476806641
0.0008196830749511719
0.0006535053253173828
0.0006799697875976562
0.0007321834564208984
0.0006780624389648438
0.0007944107055664062
0.0006732940673828125
0.0006582736968994141
0.0006644725799560547
0.0006773471832275391
0.0006842613220214844
0.0006864070892333984
0.0006709098815917969
0.0006692409515380859
0.0006673336029052734
0.0007658004760742188
0.0006985664367675781
0.0006573200225830078
0.0006542205810546875
0.0006694793701171875
0.0006775856018066406
0.00064849853515625
0.0006573200225830078
0.0006647109985351562
0.0008373260498046875
0.0007021427154541016
0.0006856918334960938
0.0006918907165527344
0.0007052421569824219
0.0008685588836669922
0.0006954669952392578
0.0007033348083496094
0.0006906986236572266
0.0007143020629882812
0.0008358955383300781
0.0006797313690185547
0.0006732940673828125
0.0006821155548095703
0.0007011890411376953
0.0006515979766845703
0.0007007122039794922
0.0006811618804931641
0.0006906986236572266
0.0006999969482421875
0.0007944107055664062
0.0006649494171142578
0.0006725788116455078
0.0006749629974365234
0.0007224082946777344
0.00067901611328125
0.0006873607635498047
0.0007050037384033203
0.0006918907165527344
0.0006744861602783203
0.0007154941558837891
0.0006835460662841797
0.0006732940673828125
0.0006673336029052734
0.0008349418640136719
0.0007345676422119141
0.0006735324859619141
0.0006723403930664062
0.000667572021484375
0.0006718635559082031
0.000713348388671875
0.0006763935089111328
5.745887756347656e-05
1.33514404296875e-05
-8.392333984375e-05
-4.887580871582031e-05
-8.487701416015625e-05
-8.988380432128906e-05
2.4557113647460938e-05
2.2649765014648438e-05
-3.814697265625e-05
-1.8358230590820312e-05
1.3828277587890625e-05
-5.7220458984375e-05
1.1444091796875e-05
-0.00010704994201660156
-5.173683166503906e-05
0.000133514404296875
0.00035190582275390625
-6.4373016357421875e-06
7.3909759521484375e-06
3.814697265625e-06
0.000667572021484375
0.0008072853088378906
0.0006561279296875
0.0006649494171142578
0.0006349086761474609
0.0006530284881591797
0.0008633136749267578
0.0006525516510009766
0.0006558895111083984
0.0006585121154785156
0.0006737709045410156
0.0006685256958007812
0.0006821155548095703
0.0006670951843261719
0.0006594657897949219
0.0007781982421875
0.0006895065307617188
0.0006351470947265625
0.0006608963012695312
0.0006494522094726562
0.0007746219635009766
0.0006532669067382812
0.0006499290466308594
0.0006744861602783203
0.0007677078247070312
0.000705718994140625
0.0006668567657470703
0.0006966590881347656
0.0006835460662841797
0.0006625652313232422
0.0006551742553710938
0.0006456375122070312
0.0006678104400634766
0.0006582736968994141
0.0006620883941650391
0.0006546974182128906
0.0006566047668457031
0.0006511211395263672
0.00064849853515625
0.0007698535919189453
0.0006909370422363281
0.0006661415100097656
0.0006465911865234375
0.0006649494171142578
0.0008661746978759766
0.0006794929504394531
0.0006701946258544922
0.0006520748138427734
-1.3828277587890625e-05
-5.7220458984375e-05
-4.38690185546875e-05
-6.175041198730469e-05
-3.0040740966796875e-05
2.384185791015625e-05
-6.079673767089844e-05
-5.650520324707031e-05
-1.9550323486328125e-05
-1.1920928955078125e-06
7.2479248046875e-05
-5.698204040527344e-05
-4.172325134277344e-05
-6.175041198730469e-05
-5.745887756347656e-05
-5.054473876953125e-05
-5.793571472167969e-05
-5.030632019042969e-05
-5.054473876953125e-05
-5.9604644775390625e-05
-5.9604644775390625e-05
-6.270408630371094e-05
-5.8650970458984375e-05
-6.628036499023438e-05
-0.00011849403381347656
-5.173683166503906e-05
-3.695487976074219e-05
-5.030632019042969e-05
-5.555152893066406e-05
-4.982948303222656e-05
-3.981590270996094e-05
-4.7206878662109375e-05
-5.435943603515625e-05
-6.008148193359375e-05
-3.6716461181640625e-05
-2.2172927856445312e-05
-3.361701965332031e-05
-3.695487976074219e-05
-7.867813110351562e-06
-5.793571472167969e-05
-6.699562072753906e-05
-6.914138793945312e-05
-5.817413330078125e-05
-6.67572021484375e-05
-5.626678466796875e-05
-6.437301635742188e-05
-4.410743713378906e-05
-4.100799560546875e-05
1.5735626220703125e-05
-4.9591064453125e-05
-6.008148193359375e-05
-3.361701965332031e-05
-6.556510925292969e-05
-5.14984130859375e-05
-5.817413330078125e-05
-6.699562072753906e-05
-5.4836273193359375e-05
-4.4345855712890625e-05
-5.173683166503906e-05
-5.745887756347656e-05
-5.555152893066406e-05
-7.700920104980469e-05
-6.771087646484375e-05
-7.033348083496094e-05
-9.822845458984375e-05
-5.626678466796875e-05
-5.4836273193359375e-05
-5.9604644775390625e-05
-5.650520324707031e-05
-8.749961853027344e-05
-6.246566772460938e-05
-6.604194641113281e-05
-2.6702880859375e-05
-5.6743621826171875e-05
-4.9114227294921875e-05
-3.218650817871094e-05
-4.7206878662109375e-05
4.792213439941406e-05
-5.221366882324219e-05
-4.363059997558594e-05
-6.628036499023438e-05
-5.125999450683594e-05
-3.3855438232421875e-05
-4.6253204345703125e-05
-3.8623809814453125e-05
-3.147125244140625e-05
-4.696846008300781e-05
-1.6450881958007812e-05
-2.5987625122070312e-05
-1.9311904907226562e-05
-3.886222839355469e-05
6.651878356933594e-05
-4.124641418457031e-05
-4.1484832763671875e-05
-1.8596649169921875e-05
-4.267692565917969e-05
-5.6743621826171875e-05
-3.743171691894531e-05
-5.9604644775390625e-05
-4.744529724121094e-05
-2.8133392333984375e-05
8.58306884765625e-05
3.123283386230469e-05
-3.218650817871094e-05
-3.790855407714844e-05
-4.5299530029296875e-05
-2.7418136596679688e-05
-4.1961669921875e-05
2.574920654296875e-05
-2.3365020751953125e-05
-6.103515625e-05
-5.1021575927734375e-05
-4.363059997558594e-05
-4.124641418457031e-05
-2.8371810913085938e-05
-5.0067901611328125e-05
-6.103515625e-05
-4.3392181396484375e-05
-4.673004150390625e-05
-1.33514404296875e-05
-4.0531158447265625e-05
-4.2438507080078125e-05
8.392333984375e-05
-2.0742416381835938e-05
-6.9141387939453125e-06
-5.6743621826171875e-05
-1.8358230590820312e-05
-1.0728836059570312e-05
-1.5497207641601562e-05
-1.239776611328125e-05
-1.7404556274414062e-05
-2.1457672119140625e-05
-1.7404556274414062e-05
-1.621246337890625e-05
-1.9073486328125e-06
-1.5974044799804688e-05
-1.2159347534179688e-05
-5.9604644775390625e-06
-1.9073486328125e-06
-1.1920928955078125e-06
1.239776611328125e-05
-2.2411346435546875e-05
-1.5974044799804688e-05
-2.1696090698242188e-05
-2.3603439331054688e-05
-1.6927719116210938e-05
9.059906005859375e-06
-2.574920654296875e-05
-1.0251998901367188e-05
3.170967102050781e-05
-1.52587890625e-05
-3.075599670410156e-05
-2.1219253540039062e-05
-2.6464462280273438e-05
-5.9604644775390625e-06
-2.0265579223632812e-05
0.00011706352233886719
-1.7642974853515625e-05
-2.6464462280273438e-05
-3.5762786865234375e-05
-4.2438507080078125e-05
9.1552734375e-05
-4.673004150390625e-05
-4.1484832763671875e-05
-4.506111145019531e-05
-2.8848648071289062e-05
-1.1920928955078125e-05
-4.0531158447265625e-05
-5.054473876953125e-05
6.723403930664062e-05
-4.76837158203125e-05
9.274482727050781e-05
-5.3882598876953125e-05
-3.743171691894531e-05
-4.3392181396484375e-05
-5.078315734863281e-05
0.0001304149627685547
-5.1021575927734375e-05
-3.0279159545898438e-05
-2.2649765014648438e-05
-2.7894973754882812e-05
-3.266334533691406e-05
-8.821487426757812e-06
-2.9087066650390625e-05
-2.574920654296875e-05
-9.5367431640625e-06
-2.2172927856445312e-05
7.367134094238281e-05
-3.314018249511719e-05
-2.7418136596679688e-05
-2.8371810913085938e-05
1.1444091796875e-05
-1.9073486328125e-05
-2.9325485229492188e-05
-2.6702880859375e-05
-3.814697265625e-05
