0.35704565048217773
0.22861719131469727
0.22379565238952637
0.2276287078857422
0.2230534553527832
0.2242431640625
0.2244105339050293
0.22455787658691406
0.22458815574645996
0.22442197799682617
0.23219895362854004
0.22544360160827637
0.22466802597045898
0.22330284118652344
0.226637601852417
0.22365403175354004
0.22484612464904785
0.22400927543640137
0.2228090763092041
0.23504996299743652
0.22842884063720703
0.22810840606689453
0.2291700839996338
0.22833871841430664
0.2530405521392822
0.22991585731506348
0.2279360294342041
0.2529871463775635
0.2263655662536621
0.23009967803955078
0.22789454460144043
0.25226783752441406
0.23080706596374512
0.22835397720336914
0.22760939598083496
0.22840166091918945
0.22708892822265625
0.23098516464233398
0.2242584228515625
0.252579927444458
0.22603917121887207
0.2538111209869385
0.22765684127807617
0.22939777374267578
0.22833538055419922
0.22628021240234375
0.2537539005279541
0.22870850563049316
0.25240492820739746
0.22925591468811035
0.2271270751953125
0.22215557098388672
0.22665691375732422
0.22609663009643555
0.2243669033050537
0.22234463691711426
0.2254629135131836
0.22431206703186035
0.22281217575073242
0.22254180908203125
0.22563695907592773
0.2243809700012207
0.22346091270446777
0.2216472625732422
0.22569036483764648
0.2223072052001953
0.22537636756896973
0.22490382194519043
0.22312188148498535
0.22162866592407227
0.22691869735717773
0.22347211837768555
0.22233915328979492
0.22530817985534668
0.2236945629119873
0.2215564250946045
0.224043607711792
0.22303056716918945
0.22062206268310547
0.22426271438598633
0.22318482398986816
0.22454571723937988
0.22357487678527832
0.2216951847076416
0.22408723831176758
0.22252345085144043
0.22522664070129395
0.22396183013916016
0.22690677642822266
0.25425028800964355
0.2294483184814453
0.25363588333129883
0.22612833976745605
0.22984862327575684
0.22301268577575684
0.22535204887390137
0.22317266464233398
0.2234642505645752
0.22191309928894043
0.22574734687805176
0.2231287956237793
0.2209022045135498
0.22449970245361328
0.222642183303833
0.2252507209777832
0.22313904762268066
0.22574496269226074
0.22470402717590332
0.2229461669921875
0.22563743591308594
0.22441339492797852
0.22215962409973145
0.2253730297088623
0.22325539588928223
0.22126460075378418
0.22385740280151367
0.22158241271972656
0.2254478931427002
0.22314834594726562
0.22107267379760742
0.22361445426940918
0.2213428020477295
0.2251904010772705
0.22285032272338867
0.22064638137817383
0.2238476276397705
0.2215282917022705
0.2257862091064453
0.22485709190368652
0.2236168384552002
0.2214815616607666
0.22442340850830078
0.22316598892211914
0.22123146057128906
0.22442102432250977
0.2224118709564209
0.22549104690551758
0.22564291954040527
0.2243037223815918
0.2219231128692627
0.22446227073669434
0.22245573997497559
0.22657155990600586
0.22486472129821777
0.22249984741210938
0.22895359992980957
0.22245264053344727
0.2265477180480957
0.2253706455230713
0.22365546226501465
0.2219219207763672
0.22530603408813477
0.22556519508361816
0.22214722633361816
0.2248091697692871
0.22693800926208496
0.23026227951049805
0.25562310218811035
0.2278308868408203
0.25176525115966797
0.22855281829833984
0.25266432762145996
0.23105192184448242
0.2537970542907715
0.2277207374572754
0.2270197868347168
0.23085784912109375
0.22976922988891602
0.22855353355407715
0.250720739364624
0.22886323928833008
0.2276935577392578
0.23110246658325195
0.22998762130737305
0.22842097282409668
0.251389741897583
0.22981739044189453
0.2543511390686035
0.22757911682128906
0.22806978225708008
0.22671127319335938
0.22468256950378418
0.22341012954711914
0.22641253471374512
0.22467517852783203
0.22288203239440918
0.22574257850646973
0.22511696815490723
0.22336316108703613
0.22155284881591797
0.2246842384338379
0.22310829162597656
0.22649097442626953
0.22434091567993164
0.2224292755126953
0.22534680366516113
0.22351360321044922
0.2225337028503418
0.22555923461914062
0.22339773178100586
0.2261061668395996
0.22463703155517578
0.22882986068725586
0.22768402099609375
0.23016643524169922
0.22758078575134277
0.2567472457885742
0.22978878021240234
0.22728896141052246
0.22970843315124512
0.2295210361480713
0.22822976112365723
0.22666716575622559
0.22857213020324707
0.22616934776306152
0.22993731498718262
0.22753167152404785
0.23093700408935547
0.2541673183441162
0.22764062881469727
0.2313072681427002
0.22932863235473633
0.22781825065612793
0.23216962814331055
0.23110008239746094
0.22781038284301758
0.23006844520568848
0.22940564155578613
0.25072789192199707
0.22962093353271484
0.2540280818939209
0.23071837425231934
0.22950530052185059
0.22730326652526855
0.22989368438720703
0.2532193660736084
0.22610926628112793
0.23004436492919922
0.2525038719177246
0.22761106491088867
0.231337308883667
0.22969770431518555
0.22940516471862793
0.25357556343078613
0.2295970916748047
0.22835898399353027
0.22599577903747559
0.2297987937927246
0.22846078872680664
0.2272181510925293
0.23078608512878418
0.22948050498962402
0.2281327247619629
0.23083949089050293
0.2539353370666504
0.23058509826660156
0.2292773723602295
0.2278761863708496
0.2551274299621582
0.22830939292907715
0.2269597053527832
0.2565915584564209
0.22843575477600098
0.227128267288208
0.2297344207763672
0.22751736640930176
0.23039507865905762
0.2291727066040039
0.22690963745117188
0.22957706451416016
0.2276597023010254
0.2547035217285156
0.22995948791503906
0.22743916511535645
0.25630760192871094
0.22859930992126465
0.2283487319946289
0.23179173469543457
0.2569139003753662
0.22918939590454102
0.2524113655090332
0.2295377254486084
0.2285783290863037
0.251436710357666
0.2299351692199707
0.25507378578186035
0.2281055450439453
0.23260116577148438
0.23114252090454102
0.2555515766143799
0.22665143013000488
0.22927069664001465
0.22811269760131836
0.2306826114654541
0.22922730445861816
0.25250697135925293
0.2315504550933838
0.25382304191589355
0.22796988487243652
0.23067688941955566
0.22829890251159668
0.22696685791015625
0.2307298183441162
0.2542386054992676
0.22699546813964844
0.22974872589111328
0.25170016288757324
0.23027849197387695
0.2526841163635254
0.2265779972076416
0.22931933403015137
0.2539536952972412
0.23154473304748535
0.254976749420166
0.22805094718933105
0.2274761199951172
0.2312006950378418
0.2555110454559326
0.22805356979370117
0.22556662559509277
0.22902393341064453
0.2518646717071533
0.2311854362487793
0.255901575088501
0.2286067008972168
0.22734951972961426
0.23019170761108398
0.2525360584259033
0.23024964332580566
0.2525458335876465
0.2316114902496338
0.25557756423950195
0.22792935371398926
0.25685811042785645
0.22922229766845703
0.2525315284729004
0.22966313362121582
0.25359058380126953
0.22707414627075195
0.25395846366882324
0.226945161819458
0.25394582748413086
0.22829699516296387
0.25296807289123535
0.22968149185180664
0.25366830825805664
0.2260575294494629
0.25476646423339844
0.22751688957214355
0.250624418258667
0.22823834419250488
0.25345754623413086
0.23142504692077637
0.25558972358703613
0.2286844253540039
0.25369882583618164
0.22921419143676758
0.254650354385376
0.25270652770996094
0.2298269271850586
0.25354552268981934
0.22724032402038574
0.2577085494995117
0.22951173782348633
0.22730302810668945
0.25136637687683105
0.2285754680633545
0.25254178047180176
0.2319929599761963
0.25281667709350586
0.22601985931396484
0.24219799041748047
0.2549858093261719
0.23090791702270508
0.2553215026855469
0.2273705005645752
0.25603485107421875
0.23258447647094727
0.2530512809753418
0.2261049747467041
0.2287912368774414
0.2218780517578125
0.22566509246826172
0.22347736358642578
0.22494173049926758
0.2227170467376709
0.22568345069885254
0.2246692180633545
0.22285795211791992
0.22568678855895996
0.22394132614135742
0.22188043594360352
0.22546029090881348
0.22275876998901367
0.2257704734802246
0.22458362579345703
0.2225484848022461
0.2276618480682373
0.2298295497894287
0.22725152969360352
0.25446200370788574
0.22788238525390625
0.2589995861053467
0.22898221015930176
0.253312349319458
0.22606706619262695
0.22987580299377441
0.25487256050109863
0.2261815071105957
0.2529129981994629
0.22657442092895508
0.25551939010620117
0.22743701934814453
0.2515130043029785
0.22870969772338867
0.25272154808044434
0.23164057731628418
0.2536640167236328
0.22826790809631348
0.2566227912902832
0.22849559783935547
0.2523612976074219
0.22950220108032227
0.25247859954833984
0.2307109832763672
0.2282698154449463
0.2259058952331543
0.22956538200378418
0.2273387908935547
0.2517569065093994
0.22858142852783203
0.2525606155395508
0.22981667518615723
0.2539942264556885
0.2282240390777588
0.22168803215026855
0.22445058822631836
0.22330069541931152
0.2212512493133545
0.22420573234558105
0.2234797477722168
0.22495794296264648
0.22454309463500977
0.22301030158996582
0.2253127098083496
0.22300457954406738
0.22112751007080078
0.2249584197998047
0.22297382354736328
0.2259504795074463
0.22365331649780273
0.22144508361816406
0.22512102127075195
0.22423362731933594
0.2225186824798584
0.22514843940734863
0.22300052642822266
0.2514772415161133
0.22903847694396973
0.251786470413208
0.2297649383544922
0.22806096076965332
0.2510387897491455
0.22557711601257324
0.2281959056854248
0.25171375274658203
0.2288360595703125
0.22320103645324707
0.22110605239868164
0.22417664527893066
0.22338128089904785
0.22217249870300293
0.22703766822814941
0.22499537467956543
0.2273240089416504
0.2211904525756836
0.22384977340698242
0.2227013111114502
0.2248830795288086
0.22389769554138184
0.2219986915588379
0.22571539878845215
0.22470617294311523
0.22371578216552734
0.22111821174621582
0.2238147258758545
0.22123003005981445
0.22500944137573242
0.22722625732421875
0.22073745727539062
0.22367382049560547
0.22280263900756836
0.22202467918395996
0.22478580474853516
0.22209382057189941
0.2238938808441162
0.22204875946044922
0.2258005142211914
0.22376632690429688
0.22157526016235352
0.2244400978088379
0.22225689888000488
0.22599339485168457
0.22384333610534668
0.22201228141784668
0.22485899925231934
0.22272562980651855
0.2257392406463623
0.2237541675567627
0.22286415100097656
0.2208108901977539
0.22356033325195312
0.22437715530395508
0.2254183292388916
0.22353863716125488
0.22124600410461426
0.22339534759521484
0.22230029106140137
0.22519755363464355
0.22394084930419922
0.22151851654052734
0.2240314483642578
0.22336935997009277
0.2212989330291748
0.2242434024810791
0.22197675704956055
0.22491717338562012
0.2232356071472168
0.22598743438720703
0.2242569923400879
0.2223649024963379
0.22515368461608887
0.2243177890777588
0.2220611572265625
0.2207474708557129
0.22361135482788086
0.22272086143493652
0.22301006317138672
0.22264790534973145
0.22667551040649414
0.2263774871826172
0.22986960411071777
0.22955846786499023
0.2300124168395996
0.2287595272064209
0.2285022735595703
0.22748970985412598
0.22798514366149902
0.22730112075805664
0.226837158203125
0.2520742416381836
0.22673654556274414
0.2268674373626709
0.2263345718383789
0.22602391242980957
0.2286369800567627
0.22875428199768066
0.22858119010925293
0.2321922779083252
0.22776031494140625
0.22308087348937988
0.22236084938049316
0.2230534553527832
0.2254793643951416
0.22429323196411133
0.2230374813079834
0.22263193130493164
0.22237205505371094
0.22183823585510254
0.22607135772705078
0.22034645080566406
0.22436189651489258
0.22437763214111328
0.22400164604187012
0.22345590591430664
0.223222017288208
0.22232747077941895
0.22304749488830566
0.2229909896850586
0.22219419479370117
0.22177672386169434
0.2202308177947998
0.22176146507263184
0.22092294692993164
0.22242212295532227
0.22504186630249023
0.22470855712890625
0.22516870498657227
0.22581195831298828
0.2252659797668457
0.22113323211669922
0.22565031051635742
0.2223803997039795
0.22178077697753906
0.2222762107849121
0.22145724296569824
0.2208113670349121
0.22118425369262695
0.22113275527954102
0.22023510932922363
0.22411632537841797
0.22348761558532715
0.22378921508789062
0.22327470779418945
0.2227768898010254
0.2219855785369873
0.22222113609313965
0.22150564193725586
0.2215421199798584
0.2202606201171875
0.22467923164367676
0.22454071044921875
0.22434711456298828
0.22328591346740723
0.22286009788513184
0.22193384170532227
0.22150611877441406
0.22246146202087402
0.22315597534179688
0.22325706481933594
0.2231452465057373
0.22287940979003906
0.22262144088745117
0.2223503589630127
0.22065973281860352
0.2199702262878418
0.2241213321685791
0.22447848320007324
0.22332119941711426
0.2226872444152832
0.22223639488220215
0.22002816200256348
0.22369122505187988
0.22174859046936035
0.22051525115966797
0.22458791732788086
0.2225189208984375
0.2215440273284912
0.22446370124816895
0.22203731536865234
0.22021818161010742
0.2228701114654541
0.22225332260131836
0.22015118598937988
0.2236626148223877
0.22173261642456055
0.21988153457641602
0.2238469123840332
0.22233796119689941
0.22002434730529785
0.22267675399780273
0.2203361988067627
0.2235546112060547
0.22139191627502441
0.22083234786987305
0.22461962699890137
0.22386646270751953
0.22536754608154297
0.22321653366088867
0.22130465507507324
0.22857975959777832
0.2523624897003174
0.22530865669250488
0.22411012649536133
0.22186279296875
0.22460222244262695
0.22199249267578125
0.2207019329071045
0.2227764129638672
0.2203819751739502
0.22340106964111328
0.22176027297973633
0.22151875495910645
0.2208704948425293
0.22440385818481445
0.22259187698364258
0.22005677223205566
0.22359132766723633
0.22189569473266602
0.22009968757629395
0.2231001853942871
0.2218174934387207
0.22111988067626953
0.22490262985229492
0.22338533401489258
0.2212693691253662
0.22381114959716797
0.22167515754699707
0.22420859336853027
0.22191929817199707
