0.389052
0.302305
0.298949
0.302979
0.296249
0.297802
0.299388
0.296883
0.297676
0.298519
0.307256
0.299899
0.296879
0.297108
0.300507
0.297351
0.300367
0.297578
0.295059
0.308390
0.301347
0.303272
0.302285
0.303508
0.325095
0.302248
0.303197
0.328573
0.298667
0.304419
0.301227
0.326468
0.303344
0.303838
0.301095
0.300942
0.298770
0.304628
0.298250
0.324289
0.298649
0.328464
0.302402
0.304179
0.302041
0.300057
0.325842
0.303703
0.325330
0.302348
0.300211
0.294069
0.299920
0.297733
0.299602
0.297367
0.299225
0.297096
0.294996
0.296905
0.298814
0.296290
0.298203
0.296057
0.297972
0.295172
0.297040
0.298912
0.296855
0.294640
0.300399
0.298260
0.295913
0.297774
0.295655
0.293380
0.298455
0.296315
0.293798
0.295656
0.297163
0.298838
0.296623
0.294380
0.295678
0.297468
0.299386
0.296790
0.298092
0.327871
0.301762
0.327630
0.297408
0.303139
0.296756
0.298036
0.295736
0.297358
0.295000
0.300710
0.297880
0.295393
0.297004
0.294787
0.300085
0.297545
0.299084
0.296777
0.294624
0.299902
0.297727
0.295081
0.296288
0.297736
0.295304
0.296696
0.294125
0.299694
0.297425
0.295011
0.296257
0.293740
0.299536
0.296968
0.294734
0.296467
0.293905
0.299736
0.298030
0.294960
0.292754
0.298337
0.295975
0.293817
0.295405
0.293339
0.299170
0.296908
0.298707
0.292544
0.298355
0.296197
0.297854
0.295737
0.293144
0.302893
0.296784
0.298541
0.296492
0.294309
0.296087
0.297869
0.299795
0.293593
0.299055
0.300754
0.302155
0.327987
0.301750
0.323671
0.301507
0.323306
0.305136
0.326809
0.300572
0.298155
0.303990
0.301933
0.299796
0.321545
0.303082
0.300838
0.302282
0.304198
0.301802
0.323394
0.301223
0.326376
0.299676
0.301488
0.299242
0.296849
0.294547
0.300375
0.298176
0.295897
0.297649
0.295601
0.297267
0.295073
0.296950
0.294640
0.300139
0.297617
0.295333
0.297103
0.294898
0.296320
0.297960
0.295586
0.297186
0.295020
0.300800
0.298719
0.300283
0.301561
0.326906
0.300782
0.298317
0.299796
0.301515
0.299416
0.296879
0.301759
0.299419
0.301150
0.298848
0.304316
0.326037
0.299975
0.301841
0.299708
0.301242
0.302685
0.304401
0.298329
0.303636
0.301080
0.322569
0.300171
0.325657
0.303446
0.301266
0.298833
0.300595
0.326013
0.300050
0.301933
0.323664
0.301462
0.303211
0.300530
0.302550
0.323995
0.301648
0.299453
0.297082
0.302819
0.300409
0.298255
0.303932
0.301649
0.299366
0.301081
0.326503
0.303729
0.301456
0.299263
0.328847
0.298551
0.300334
0.330079
0.299802
0.297538
0.303249
0.300947
0.302687
0.299703
0.297419
0.303090
0.300759
0.326400
0.300170
0.297972
0.327603
0.301287
0.298980
0.304528
0.330231
0.299965
0.325921
0.299369
0.301143
0.322788
0.300529
0.326165
0.299964
0.305620
0.303176
0.328749
0.298577
0.300188
0.297966
0.303631
0.301308
0.323019
0.304762
0.326247
0.300070
0.301713
0.299412
0.297213
0.302891
0.324648
0.298379
0.300072
0.324956
0.302529
0.324307
0.297982
0.299682
0.325426
0.303150
0.324739
0.298502
0.300050
0.301782
0.327487
0.301419
0.299022
0.300665
0.322312
0.303972
0.329594
0.299476
0.297048
0.302822
0.323979
0.301102
0.322816
0.304485
0.326024
0.299755
0.329469
0.299182
0.324884
0.302613
0.324278
0.297991
0.327626
0.297068
0.326456
0.300439
0.326069
0.299833
0.325550
0.299310
0.325119
0.298771
0.320522
0.301364
0.326970
0.304703
0.326519
0.300162
0.325861
0.299631
0.325083
0.322753
0.300431
0.326101
0.299840
0.329432
0.303230
0.300974
0.322513
0.300249
0.325942
0.303726
0.325220
0.298827
0.312136
0.328012
0.301685
0.327326
0.297238
0.326796
0.304753
0.326297
0.295985
0.301679
0.294989
0.296452
0.294190
0.296006
0.293237
0.298880
0.296613
0.294384
0.295941
0.293746
0.295359
0.297141
0.294261
0.295666
0.297425
0.295123
0.300837
0.301816
0.299625
0.325695
0.298268
0.331517
0.301264
0.326904
0.296753
0.302368
0.328064
0.297852
0.323446
0.297162
0.326242
0.300000
0.321568
0.299410
0.324574
0.325603
0.302454
0.327304
0.326528
0.300949
0.301084
0.326643
0.329517
0.300335
0.326028
0.325199
0.303277
0.302300
0.324744
0.325310
0.302485
0.303654
0.300190
0.297866
0.299475
0.301364
0.322833
0.300679
0.326069
0.299852
0.325541
0.299292
0.292655
0.298374
0.295806
0.293559
0.295112
0.296816
0.298527
0.296335
0.293030
0.298767
0.296536
0.294313
0.296038
0.293781
0.299419
0.297199
0.294913
0.296562
0.294285
0.295995
0.297653
0.295242
0.324839
0.302593
0.324311
0.302035
0.299738
0.321442
0.299198
0.300947
0.322020
0.299671
0.293398
0.295162
0.296788
0.294559
0.296176
0.297927
0.295571
0.301246
0.294961
0.296682
0.294382
0.295144
0.296796
0.294571
0.296164
0.297925
0.295715
0.293424
0.295090
0.292134
0.297730
0.299412
0.293112
0.294858
0.296507
0.294216
0.295976
0.292974
0.297810
0.295463
0.297228
0.294900
0.292688
0.298323
0.296037
0.297836
0.295496
0.293228
0.298931
0.296551
0.297387
0.295205
0.296879
0.294671
0.296417
0.298152
0.299849
0.297528
0.295169
0.295827
0.293529
0.299290
0.297023
0.294452
0.296122
0.297793
0.295541
0.297091
0.294841
0.296519
0.297699
0.299424
0.297153
0.294824
0.296578
0.298337
0.295979
0.293592
0.295356
0.297324
0.295665
0.294195
0.300651
0.299173
0.304735
0.302362
0.305021
0.302723
0.301577
0.299471
0.302051
0.300372
0.299107
0.325341
0.300041
0.302156
0.300644
0.299208
0.303885
0.302144
0.300690
0.307066
0.301137
0.295555
0.294026
0.296374
0.299027
0.296472
0.298125
0.296413
0.294131
0.296494
0.298537
0.292762
0.298845
0.296906
0.299296
0.297746
0.296284
0.294515
0.297139
0.295516
0.297674
0.296090
0.293589
0.296245
0.294502
0.296967
0.299237
0.297636
0.300006
0.298382
0.299817
0.294520
0.300861
0.295307
0.296760
0.295062
0.296963
0.295297
0.293436
0.295964
0.294290
0.296145
0.298116
0.296503
0.298759
0.297076
0.294968
0.297640
0.294924
0.297338
0.295465
0.297823
0.300231
0.298115
0.299584
0.298081
0.295936
0.294511
0.296162
0.298551
0.296728
0.298313
0.296969
0.298527
0.297212
0.293937
0.292523
0.298603
0.300771
0.298263
0.296781
0.294873
0.296708
0.298358
0.296222
0.293943
0.299754
0.297336
0.295114
0.300350
0.298141
0.295999
0.297405
0.299137
0.295780
0.297360
0.295260
0.292997
0.298831
0.296618
0.294136
0.295807
0.293356
0.298149
0.295991
0.297895
0.299662
0.300909
0.302034
0.299283
0.296982
0.302675
0.328098
0.301698
0.299476
0.297419
0.299034
0.296005
0.297712
0.298544
0.296012
0.297542
0.295205
0.296909
0.294731
0.299789
0.297685
0.294795
0.300538
0.298389
0.296162
0.297738
0.295481
