0.015666
0.015104
0.015182
0.015077
0.015052
0.015069
0.015091
0.015090
0.015127
0.015105
0.015245
0.015123
0.015240
0.015112
0.015178
0.015095
0.015070
0.015035
0.015085
0.015174
0.015242
0.015118
0.015236
0.015294
0.015442
0.015253
0.015258
0.015163
0.015174
0.015173
0.015246
0.015124
0.015186
0.015224
0.015146
0.014933
0.014928
0.015071
0.015122
0.015110
0.014986
0.014982
0.014954
0.015046
0.015092
0.014929
0.014972
0.014900
0.014906
0.014892
0.014910
0.014869
0.014820
0.014832
0.014985
0.014835
0.014828
0.014836
0.014824
0.014816
0.014868
0.014831
0.014849
0.014818
0.014836
0.014804
0.014817
0.014812
0.014882
0.015315
0.017659
0.014830
0.014801
0.014787
0.014848
0.014820
0.014805
0.014795
0.014786
0.014798
0.015025
0.014842
0.014776
0.014852
0.014805
0.014822
0.014838
0.014905
0.014867
0.014901
0.014867
0.014909
0.014881
0.014914
0.014758
0.014951
0.014935
0.014838
0.014769
0.014821
0.014943
0.014808
0.014796
0.014756
0.014780
0.014782
0.014746
0.014813
0.014781
0.014844
0.014771
0.014786
0.014748
0.014756
0.014797
0.014771
0.014818
0.014908
0.014729
0.014753
0.014918
0.014748
0.014816
0.014800
0.014794
0.014762
0.014766
0.014963
0.014805
0.014878
0.014751
0.014752
0.014784
0.014849
0.014723
0.014760
0.014757
0.014875
0.014757
0.014752
0.014729
0.014762
0.014728
0.014727
0.014735
0.014735
0.014762
0.014738
0.014763
0.014747
0.014747
0.014726
0.014751
0.014720
0.014756
0.014843
0.014800
0.014950
0.014790
0.014793
0.014798
0.014867
0.014832
0.014781
0.014807
0.014790
0.014878
0.014778
0.014944
0.014807
0.014803
0.014871
0.014787
0.014818
0.015017
0.014804
0.014805
0.014953
0.014862
0.014974
0.015003
0.014853
0.014741
0.014735
0.014863
0.014735
0.014742
0.014844
0.014742
0.014733
0.014871
0.014733
0.014746
0.014704
0.014728
0.014823
0.014704
0.014726
0.014815
0.014911
0.014735
0.014752
0.014759
0.014791
0.014825
0.014796
0.014857
0.014797
0.014799
0.014774
0.014755
0.014774
0.014774
0.014801
0.014852
0.014804
0.014755
0.014837
0.014833
0.014939
0.014776
0.014786
0.014779
0.014887
0.014748
0.014781
0.014778
0.014774
0.014760
0.014756
0.014853
0.014822
0.014780
0.014935
0.014789
0.014753
0.014747
0.014819
0.014769
0.014748
0.014810
0.014750
0.014793
0.014760
0.014754
0.014917
0.014934
0.014909
0.014905
0.014902
0.014999
0.014898
0.014883
0.014898
0.014900
0.014901
0.014914
0.014922
0.014903
0.014905
0.014915
0.014898
0.014923
0.014934
0.014913
0.014902
0.014910
0.014902
0.014890
0.014890
0.014924
0.014884
0.014935
0.014906
0.014927
0.014958
0.014901
0.014898
0.014899
0.014913
0.014865
0.014882
0.014876
0.014846
0.014879
0.014910
0.014899
0.015081
0.014899
0.014876
0.014853
0.014922
0.014878
0.014910
0.014868
0.014873
0.015058
0.014920
0.014885
0.014897
0.014884
0.014957
0.014878
0.014902
0.014870
0.014888
0.014873
0.014914
0.014905
0.014868
0.014841
0.014895
0.014903
0.014943
0.014886
0.014915
0.014868
0.014879
0.014888
0.014881
0.014869
0.014868
0.014902
0.014937
0.014922
0.014884
0.014900
0.014964
0.014861
0.014889
0.014877
0.014880
0.015000
0.014905
0.014909
0.014888
0.014894
0.014882
0.014847
0.014854
0.015183
0.014907
0.014892
0.014916
0.014889
0.014900
0.014877
0.014911
0.014871
0.014881
0.014901
0.014878
0.014871
0.014918
0.014871
0.014881
0.015027
0.014897
0.014874
0.014890
0.014885
0.014872
0.014884
0.014895
0.014882
0.014862
0.014901
0.014876
0.015049
0.014897
0.014904
0.014863
0.014860
0.014863
0.014871
0.014810
0.014853
0.015389
0.015448
0.015220
0.014884
0.014827
0.014778
0.014823
0.014767
0.014902
0.014745
0.014807
0.014857
0.014747
0.014792
0.014760
0.014805
0.014781
0.014827
0.014774
0.014780
0.014960
0.014861
0.014847
0.014889
0.014864
0.018871
0.014831
0.014877
0.014772
0.014840
0.014853
0.014860
0.014848
0.014833
0.014839
0.014876
0.014853
0.014830
0.015054
0.015408
0.015197
0.015276
0.015239
0.015283
0.015342
0.015432
0.015453
0.015373
0.015198
0.015104
0.014871
0.014856
0.014847
0.014862
0.014845
0.014782
0.015115
0.014831
0.014900
0.014940
0.014821
0.014705
0.014759
0.014782
0.014762
0.014736
0.014878
0.014862
0.014742
0.014810
0.014908
0.014916
0.014899
0.014779
0.014802
0.014762
0.014766
0.014912
0.015032
0.014751
0.014826
0.014841
0.014859
0.014850
0.014845
0.014816
0.014849
0.014817
0.014995
0.014973
0.014772
0.014764
0.014751
0.014720
0.014762
0.014741
0.014741
0.014781
0.014765
0.014758
0.014754
0.014740
0.014761
0.014838
0.014791
0.014714
0.014737
0.014717
0.014741
0.014884
0.014757
0.014796
0.014751
0.014759
0.014777
0.014765
0.014757
0.014847
0.014732
0.014786
0.014773
0.014786
0.014755
0.014799
0.014749
0.014724
0.014760
0.014725
0.014779
0.014757
0.014740
0.014739
0.014697
0.014782
0.014770
0.014754
0.014749
0.014784
0.014729
0.014769
0.014711
0.014771
0.014866
0.014819
0.014762
0.014744
0.014764
0.014728
0.014805
0.014768
0.014755
0.014754
0.014770
0.014756
0.014758
0.014809
0.014756
0.014808
0.014847
0.014951
0.014860
0.014806
0.015027
0.014930
0.014902
0.014916
0.014943
0.014998
0.014952
0.014936
0.014924
0.014941
0.014929
0.014938
0.014998
0.015028
0.014934
0.014936
0.015007
0.014919
0.014904
0.014942
0.014940
0.015003
0.014855
0.014862
0.014940
0.014901
0.014868
0.015038
0.014858
0.014884
0.014974
0.014882
0.014913
0.014886
0.015103
0.014831
0.014923
0.014856
0.014891
0.014983
0.014863
0.014883
0.014843
0.014853
0.014889
0.014986
0.014864
0.014886
0.014836
0.014842
0.014930
0.014858
0.014818
0.014944
0.014861
0.014870
0.014924
0.014865
0.014862
0.014931
0.014871
0.014837
0.014841
0.014873
0.014848
0.014817
0.014826
0.014882
0.014902
0.015110
0.014953
0.014853
0.015228
0.014872
0.014973
0.014880
0.014976
0.014856
0.014868
0.015142
0.014854
0.014846
0.014935
0.014808
0.014846
0.014905
0.014852
0.014863
0.014899
0.014952
0.014839
0.014806
0.014789
0.014585
0.014598
0.014661
0.014646
0.014674
0.014649
0.014746
0.014654
0.014602
0.014595
0.014651
0.014557
0.014604
0.014612
0.014594
0.014741
0.014591
0.014671
0.014680
0.014648
0.014635
0.014613
0.014624
0.014652
0.014644
0.014630
0.014849
0.014637
0.014693
0.014735
0.014682
0.014710
0.014672
0.014671
0.014631
0.014611
0.014724
0.014593
0.014810
0.014679
0.014632
0.014666
0.014756
0.014645
0.014662
0.014610
0.014622
0.014769
0.014743
0.014593
0.014708
0.014605
0.014597
0.014585
0.014581
0.014718
0.014726
0.014607
