0.441491
0.187376
0.221114
0.286127
0.249221
0.215044
0.281318
0.192408
0.211940
0.279631
0.246624
0.210981
0.277677
0.243920
0.211915
0.188223
0.250466
0.215766
0.256342
0.254050
0.219351
0.290170
0.197799
0.332235
0.192291
0.261212
0.236123
0.303245
0.280775
0.236416
0.307116
0.273465
0.239980
0.308804
0.277297
0.245178
0.314293
0.280725
0.248721
0.317915
0.283706
0.251698
0.220672
0.292189
0.199089
0.221849
0.197712
0.259239
0.225283
0.296013
0.259892
0.227447
0.297671
0.232097
0.230208
0.304521
0.268091
0.339615
0.306570
0.270599
0.343096
0.308534
0.274095
0.343388
0.229733
0.279333
0.348997
0.313988
0.235501
0.250130
0.319587
0.285725
0.254599
0.322214
0.290058
0.257560
0.326680
0.293220
0.262103
0.231051
0.296969
0.264801
0.230087
0.303100
0.269624
0.238330
0.303103
0.231457
0.238708
0.309050
0.273871
0.241099
0.312094
0.283900
0.203968
0.316662
0.282608
0.209679
0.321589
0.286491
0.253762
0.242421
0.207027
0.272889
0.230132
0.202232
0.262410
0.332171
0.295598
0.270593
0.238389
0.325084
0.210575
0.235294
0.204873
0.272094
0.243046
0.207381
0.277808
0.242625
0.312683
0.223816
0.244438
0.213192
0.283458
0.253372
0.217499
0.300485
0.258835
0.324126
0.291647
0.256304
0.224508
0.296419
0.261249
0.227084
0.297043
0.208492
0.256287
0.207270
0.268515
0.236996
0.304387
0.275501
0.224360
0.312938
0.276023
0.242914
0.311139
0.280233
0.245032
0.217977
0.279269
0.245715
0.261246
0.281312
0.232820
0.319275
0.286873
0.249818
0.209903
0.285273
0.255359
0.324958
0.297297
0.206670
0.227930
0.237110
0.265188
0.235776
0.297786
0.265744
0.235728
0.301770
0.268268
0.214396
0.305292
0.275898
0.238192
0.307341
0.264225
0.243183
0.213170
0.279888
0.243699
0.314737
0.218406
0.273570
0.234698
0.284624
0.250909
0.326454
0.211009
0.257571
0.326144
0.291997
0.217883
0.226408
0.296551
0.279684
0.237362
0.232643
0.268611
0.234684
0.303634
0.214455
0.248322
0.212854
0.276625
0.231678
0.312896
0.279175
0.246418
0.312993
0.289625
0.252214
0.322285
0.217709
0.258550
0.322638
0.287617
0.255395
0.326105
0.295571
0.210922
0.330222
0.295952
0.263074
0.231025
0.297950
0.265376
0.232885
0.305058
0.276854
0.235704
0.250177
0.273201
0.241537
0.312322
0.375388
0.210273
0.317420
0.279922
0.244022
0.318569
0.281482
0.249843
0.318447
0.210299
0.256341
0.321496
0.288100
0.258292
0.327043
0.268320
0.263090
