0.319292
0.212002
0.275105
0.236758
0.199011
0.263360
0.329227
0.200219
0.259509
0.221811
0.187126
0.189569
0.219524
0.195269
0.254566
0.223799
0.250415
0.232991
0.228971
0.208501
0.262975
0.229650
0.401098
0.197530
0.206445
0.289119
0.174141
0.224826
0.293421
0.323919
0.481129
0.260285
0.263760
0.228472
0.299863
0.267455
0.232638
0.203087
0.274813
0.201318
0.205595
0.277809
0.182272
0.208521
0.275227
0.216654
0.211900
0.281753
0.248540
0.214576
0.285628
0.254540
0.197706
0.232069
0.253529
0.223700
0.292969
0.261608
0.181433
0.304930
0.259796
0.229977
0.300331
0.264905
0.209733
0.200419
0.269934
0.245682
0.305464
0.281942
0.240134
0.207341
0.275467
0.245669
0.209309
0.280670
0.247438
0.261760
0.282459
0.249676
0.321887
0.215264
0.254109
0.322826
0.291492
0.256916
0.223159
0.291443
0.216275
0.334254
0.295966
0.268864
0.220414
0.219378
0.269284
0.239151
0.214257
0.272235
0.217552
0.309048
0.215056
0.249180
0.316546
0.188413
0.246075
0.316254
0.285336
0.251953
0.320404
0.286074
0.219342
0.324961
0.224937
0.258542
0.327008
0.294472
0.263948
0.331227
0.298504
0.248882
0.238503
0.304392
0.266946
0.238500
0.308859
0.220853
0.238492
0.309216
0.274985
0.240219
0.310586
0.277642
0.222144
0.316251
0.283652
0.249712
0.296815
0.279034
0.253008
0.218240
0.289542
0.256407
0.221893
0.241378
0.262566
0.328810
0.224146
0.267451
0.229986
0.300371
0.192637
0.231659
0.303852
0.269454
0.238687
0.307169
0.272342
0.240448
0.207264
0.187422
0.244062
0.210127
0.279565
0.189414
0.214576
0.216473
0.252181
0.224651
0.289313
0.251451
0.321420
0.220497
0.256378
0.222966
0.299318
0.259931
0.327873
0.298490
0.263289
0.231145
0.193145
0.277570
0.232378
0.304695
0.192373
0.190627
0.309300
0.274006
0.199571
0.208225
0.278928
0.247459
0.215286
0.281457
0.249700
0.217896
0.289372
0.194686
0.221901
0.288169
0.360754
0.200183
0.296839
0.265873
0.228991
0.198525
0.265420
0.231439
0.195119
0.270289
0.336448
0.197289
0.271971
0.246058
0.309554
0.282662
0.242694
0.311390
0.277641
0.246260
0.228043
0.230416
0.250953
0.328725
0.287109
0.255196
0.228445
0.298433
0.257665
0.328623
0.234648
0.232687
0.333705
0.299933
0.268446
0.338374
0.304493
0.276413
0.235451
0.316058
0.270736
0.346632
0.238006
0.277977
0.351604
0.314810
0.280994
0.250124
0.318018
0.285343
0.232823
0.224519
0.287676
0.254772
0.324912
0.293670
0.362709
0.257193
0.232111
0.263244
0.234159
0.297554
0.267476
0.234520
0.305171
0.278556
0.338878
0.306711
0.269107
0.242468
0.310203
0.281574
0.208110
0.311774
0.283833
0.252552
0.202646
0.283293
0.248209
0.321298
0.286642
0.255494
0.221498
0.292925
0.258392
0.204714
0.298336
0.203902
0.228789
0.203706
0.267559
0.205901
0.305925
0.268724
0.236110
0.304833
0.274183
0.243261
0.310425
0.277493
0.243567
0.313695
0.281136
0.212282
0.320984
0.283124
0.254439
0.323151
0.288009
0.204297
0.329981
0.291993
0.260716
0.223725
0.294664
0.208445
0.229576
0.298986
0.264104
0.230195
0.301418
0.269030
0.236763
0.305315
0.273854
0.238576
0.310767
0.209348
0.246311
0.316862
0.279211
0.227156
0.319215
0.285497
0.253285
0.423832
0.214705
0.216547
0.325344
0.291922
0.205452
0.327797
0.295652
0.258398
0.213526
0.295177
0.261831
0.234712
0.303180
0.273832
0.217431
0.303509
0.212546
0.233445
0.304743
0.272842
0.205090
0.210513
0.280131
0.216618
0.311849
0.276929
0.245301
0.315301
0.284320
0.247576
0.322045
0.287303
0.254435
0.322411
0.290679
0.212227
0.331225
0.210736
0.263596
0.232747
0.304623
0.267638
0.279022
0.305292
0.271859
0.342884
0.306248
0.272827
0.244978
0.309683
0.275759
0.346216
0.273666
0.280442
0.253414
0.319230
0.284218
0.355932
0.247864
0.288919
0.245605
0.325504
0.272288
0.361876
0.330348
0.301230
0.267911
0.340159
0.218751
0.267648
0.236532
0.306157
0.271238
0.237214
0.278020
0.217508
0.241019
0.220037
0.279271
0.247113
0.219259
0.282666
0.252552
0.314254
0.289262
0.250913
0.217737
0.290261
0.263201
0.216279
0.294875
0.260380
0.329450
0.219851
0.264131
0.333483
0.216332
0.275165
0.334138
0.507032
0.302197
0.246920
0.304828
0.250779
0.346734
0.309501
0.277990
0.361527
0.253252
0.283254
0.279983
0.300584
0.289171
0.357006
0.327472
0.302291
0.361131
0.324718
0.256159
0.362339
0.335219
0.251715
0.266551
0.334042
0.252672
0.261788
0.338973
0.306602
0.251978
0.342976
0.234443
0.275168
0.347135
0.311345
0.280636
0.308419
0.318750
0.292081
0.254771
0.321426
0.293457
0.359928
0.257142
0.294191
0.330191
0.329828
0.301153
0.263622
0.336000
0.299701
0.371514
0.256943
0.305924
0.273036
0.341490
0.305838
0.273730
0.240189
0.313314
0.241495
0.249307
0.315565
0.287848
0.253497
0.224843
0.284444
0.256114
0.329333
0.291884
0.260642
0.328842
0.228370
0.261971
0.250408
0.299684
0.270484
0.334522
0.302291
0.274343
0.340711
0.235092
0.280511
0.344126
0.307973
0.282615
0.254877
0.247757
0.280101
0.229851
0.317811
0.289494
0.253183
0.326175
0.288496
0.260484
0.326442
0.296661
0.231593
0.250154
0.307617
0.271857
0.335367
0.281516
0.270807
0.339288
0.242444
0.271331
0.341519
0.309188
0.385576
0.352401
0.308249
0.278533
0.347955
0.315282
0.284405
0.353735
0.236310
0.282916
0.251383
0.304892
0.289659
0.253734
0.323187
0.288265
0.257237
0.330468
0.295067
0.263282
0.331919
0.298092
0.234459
0.338042
0.299643
0.272198
0.335759
0.307856
0.271919
0.313758
0.239903
0.273025
0.344968
0.313408
0.285820
0.295630
0.318317
0.282074
0.261576
0.329740
0.285532
0.253148
0.318631
0.286166
0.256649
0.329614
0.287701
0.260231
0.259556
0.298538
0.264157
0.331695
0.298303
0.262567
0.234802
0.302480
0.377456
0.233774
0.305569
0.271546
0.331545
0.311587
0.262343
0.348791
0.230026
0.280638
0.348504
0.259993
0.231233
0.249453
0.235343
0.285212
0.234128
0.320329
0.287998
0.260020
0.234571
0.298105
0.259006
0.335346
0.298334
0.265797
0.236495
0.302701
0.271798
0.341113
0.303684
0.268977
0.339936
0.235497
0.248553
0.344640
0.317508
0.235994
0.347909
0.315536
0.282705
0.298790
0.316436
0.285967
0.353291
0.322478
0.287210
0.356025
0.320521
0.231426
0.261167
0.329216
0.291582
0.259246
0.329848
0.231215
0.263272
0.335414
0.273434
0.264728
0.341469
0.268527
0.268315
0.351007
0.310782
0.376874
0.351168
0.311013
0.275477
0.235617
0.320440
0.281959
0.351266
0.322199
0.286427
0.251685
0.324460
0.286615
0.253083
0.269031
0.294408
0.260489
0.325722
0.294414
0.272672
0.337569
0.305853
0.265996
0.341776
0.305696
0.272173
0.325398
0.304599
0.241330
0.344940
0.318760
0.236780
0.347651
0.315679
0.280256
0.236452
0.319105
0.289649
0.358892
0.326985
0.287444
0.254555
0.325125
0.292716
0.279489
0.330283
0.299441
0.241078
0.238837
0.300112
0.269408
0.337146
0.238607
0.270200
0.338094
0.307598
0.247771
0.343555
0.310791
0.378349
0.280095
0.314997
0.286365
0.270840
0.317042
0.389706
0.276552
0.325993
0.391708
0.359230
0.287407
0.291873
0.259096
0.243556
0.294836
0.262331
0.330863
0.280804
0.273135
0.348900
0.311751
0.276993
0.244347
0.246818
0.278373
0.346558
0.314932
0.384147
0.348024
0.322723
0.280602
0.353487
0.324553
0.395370
0.357554
0.283058
0.366892
0.360489
0.275855
0.283346
0.372405
0.332169
0.298169
0.371913
0.274699
0.306472
0.357290
0.277405
0.289748
0.375573
0.343294
0.310971
0.277074
0.345867
0.254586
0.280541
0.350506
0.315474
0.283098
0.281350
0.318746
0.291039
0.248183
0.323292
0.247826
0.321910
0.327911
0.294769
0.365410
0.251179
0.297191
0.369961
0.335013
0.302013
0.257959
0.339955
0.246843
0.268908
0.339637
0.284028
0.381156
0.342181
0.311518
0.383153
0.279801
0.315156
0.386025
0.352797
0.320042
0.387848
0.361079
0.327473
0.395319
0.278296
0.326637
0.266741
0.358969
0.290459
0.404184
0.265292
0.336602
0.301143
0.372451
0.336730
0.306437
0.377991
0.342340
0.308777
0.378796
0.342829
0.310907
0.284176
0.348947
0.319539
0.387003
0.357806
0.253147
0.387219
0.284545
0.324734
0.391406
0.360086
0.312990
0.387527
0.283730
0.323332
0.393568
0.252711
0.327489
0.294405
0.364263
0.331317
0.265975
0.370845
0.336294
0.303790
0.252294
0.335917
0.303108
0.377258
0.320527
0.308370
0.375104
0.253773
0.314214
0.278218
0.349364
0.317411
0.257724
0.354328
0.323725
0.290049
0.355263
0.322733
0.297155
0.356905
0.256073
0.293687
0.252661
0.328673
0.301374
0.378997
0.336523
0.301126
0.368374
0.338067
0.261999
0.370386
0.339971
0.307800
0.273993
0.342585
0.316138
0.281467
0.346896
0.254960
0.281748
