0.004404
0.149015
0.003961
0.002940
0.005231
0.003865
0.004150
0.003741
0.005670
0.003109
0.005401
0.003572
0.004220
0.005692
0.006724
0.051090
0.049869
0.035022
0.092335
0.071268
0.006259
0.004170
0.006136
0.004916
0.004151
0.007326
0.004953
0.006580
0.006037
0.074161
0.124217
0.191742
0.269173
0.193300
0.160152
0.055708
0.155536
0.025866
0.127793
0.021887
0.062264
0.266578
0.121592
0.151512
0.257568
0.116873
0.164409
0.026375
0.125098
0.158191
0.265994
0.161576
0.108078
0.011063
0.224364
0.218899
0.169642
0.287641
0.300155
0.222083
0.293374
0.046722
0.079626
0.009587
0.167452
0.004357
0.005358
0.004385
0.004612
0.007001
0.058797
0.005967
0.078732
0.240852
0.085746
0.163109
0.077895
0.123209
0.175257
0.154498
0.045379
0.113347
0.063291
0.155565
0.113137
0.223394
0.297138
0.165095
0.006385
0.215468
0.069513
0.114519
0.198365
0.035061
0.027314
0.228957
0.211935
0.054474
0.121280
0.194900
0.169711
0.028472
0.009220
0.184522
0.068173
0.304145
0.038904
0.166112
0.003857
0.003464
0.004292
0.005510
0.005810
0.233483
0.004365
0.087586
0.060746
0.021952
0.084334
0.004066
0.065865
0.149578
0.003563
0.004525
