0.234681
0.239297
0.196451
0.198644
0.257735
0.213714
0.215907
0.276176
0.278391
0.178787
0.185425
0.203079
0.205219
0.266526
0.269087
0.231975
0.234114
0.186951
0.191382
0.256495
0.258762
0.181770
0.184085
0.288308
0.290514
0.189415
0.193620
0.215564
0.219403
0.178608
0.250378
0.223320
0.227417
0.292121
0.296070
0.260652
0.226308
0.228530
0.300406
0.305254
0.187371
0.228638
0.297570
0.252226
0.231720
0.300658
0.267351
0.237944
0.184718
0.273885
0.277982
0.185797
0.208911
0.279419
0.247715
0.252682
0.216168
0.284678
0.257154
0.189217
0.288670
0.257837
0.221318
0.290262
0.257276
0.214800
0.294860
0.260838
0.229517
0.296692
0.271472
0.192245
0.191833
0.267948
0.191091
0.305842
0.274842
0.241267
0.192538
0.275027
0.191415
0.213156
0.281484
0.245758
0.213026
0.191478
0.201697
0.215796
0.284616
0.253921
0.221433
0.290885
0.194081
0.197264
0.295254
0.261819
0.227400
0.300237
0.223443
0.233460
0.197768
0.200227
0.268847
0.271041
0.233342
0.301399
0.269087
0.271442
0.238371
0.243652
0.305265
0.309588
0.193580
0.195640
0.339518
0.341747
0.196508
0.199433
0.277445
0.280042
0.245595
0.248199
0.316527
0.325834
0.193437
0.195485
0.249547
0.251702
0.198745
0.200852
0.282907
0.285088
0.195636
0.197832
0.218178
0.220390
0.287441
0.290545
0.195226
0.200077
0.221511
0.223743
0.289872
0.292098
0.229647
0.226473
0.294953
0.259724
0.229865
0.298207
0.265805
0.231501
0.303667
0.198195
0.236329
0.308886
0.276694
0.207227
0.311512
0.279937
0.242068
0.316808
0.283631
0.248882
0.322230
0.196646
0.252796
0.219895
0.289957
0.257433
0.200483
0.292348
0.201582
0.227186
0.294318
0.202325
0.234518
0.230662
0.265870
0.339698
0.232227
0.270807
0.241350
0.207015
0.275680
0.201108
0.315001
0.201874
0.203399
0.314856
0.284323
0.248518
0.321342
0.204045
0.255071
0.209243
0.204952
0.257812
0.225497
0.395401
0.203043
0.225953
0.298470
0.210227
0.234388
0.303656
0.266648
0.236312
0.256698
0.273846
0.237223
0.224202
0.279351
0.242759
0.313180
0.278729
0.207880
0.238699
0.390810
0.211488
0.320908
0.207294
0.255218
0.323086
0.290490
0.259202
0.226092
0.292959
0.258066
0.230809
0.231827
0.265728
0.229650
0.299755
0.264952
0.205088
0.237584
0.268739
0.236403
0.226624
0.204079
0.245138
0.314104
0.277063
0.242952
0.418411
0.204612
0.249710
0.317562
0.209114
0.253374
0.205024
0.288890
0.255524
0.328263
0.298388
0.203878
0.206073
0.300524
0.261431
0.228986
0.299835
0.266684
0.234812
0.302209
0.210934
0.236450
0.209549
0.277041
0.242499
0.306176
0.253693
0.241076
0.315882
0.205553
0.225847
0.315613
0.208562
0.253655
0.319080
0.289217
0.210474
0.323319
0.253596
0.255697
0.224928
0.211086
0.263035
0.228535
0.296628
0.271764
0.237500
0.310590
0.271776
0.207580
0.303802
0.210169
0.238461
0.311827
0.274448
0.210447
0.211695
0.209524
0.244355
0.311836
0.280282
0.247601
0.317329
0.214771
0.255453
0.323176
0.288312
0.256010
0.324573
0.296487
0.260591
0.212462
0.300493
0.267421
0.233389
0.301101
0.268204
0.216451
0.304260
0.270802
0.238268
0.227372
0.274208
0.215094
0.311936
0.280921
0.244507
0.318637
0.270433
0.246978
0.317997
0.215698
0.217661
0.322272
0.213160
0.256660
0.327937
0.294785
0.259119
0.266633
0.212607
0.264419
0.231283
0.300022
0.217637
0.238785
0.305767
0.221009
0.226909
0.312161
0.214809
0.242836
0.215137
0.279743
0.249099
0.315206
0.214293
0.249166
0.316975
0.285081
0.251675
0.322455
0.291871
0.257010
0.325494
0.294546
0.218999
0.230598
0.296834
0.309321
0.333042
0.304410
0.273127
0.218707
0.307689
0.271678
0.244266
0.223301
0.277481
0.343578
0.317038
0.282125
0.349151
0.316931
0.282047
0.222156
0.319740
0.286657
0.257073
0.326119
0.293521
0.258372
0.330142
0.218222
0.261688
0.331967
0.221689
0.265636
0.334367
0.301923
0.268138
0.221476
0.303742
0.270010
0.237179
0.307683
0.273695
0.243253
0.314898
0.281525
0.246258
0.285033
0.282857
0.249158
0.290804
0.219787
0.254777
0.267042
0.292639
0.361407
0.326064
0.295677
0.364496
0.331690
