0.317002
0.175689
0.316169
0.176261
0.236634
0.195218
0.365358
0.204476
0.300768
0.262941
0.226697
0.293972
0.260666
0.225778
0.294904
0.174910
0.235140
0.206230
0.264644
0.233916
0.204307
0.277937
0.198011
0.185162
0.276522
0.254139
0.315406
0.282154
0.224436
0.316442
0.465945
0.251010
0.319453
0.290799
0.252505
0.222708
0.184824
0.358466
0.194121
0.298369
0.264434
0.227235
0.300600
0.266805
0.236457
0.186963
0.272142
0.235293
0.202319
0.289118
0.240962
0.203800
0.284393
0.264461
0.311101
0.278952
0.249296
0.213738
0.290906
0.185849
0.217605
0.288234
0.253677
0.229755
0.291047
0.183956
0.227055
0.221280
0.260389
0.236362
0.197989
0.264913
0.239283
0.226322
0.270885
0.232646
0.305541
0.272610
0.237037
0.205092
0.275181
0.242521
0.309696
0.277487
0.216169
0.211790
0.281557
0.187304
0.215935
0.387959
0.187450
0.223766
0.295475
0.254146
0.430751
0.212888
0.257350
0.329944
0.301981
0.265850
0.337134
0.219340
0.272260
0.259299
0.304773
0.268763
0.240493
0.269326
0.276094
0.245040
0.309487
0.278300
0.247690
0.288671
0.281483
0.250728
0.233191
0.287982
0.354300
0.220483
0.225197
0.259074
0.430288
0.212302
0.263420
0.335253
0.301479
0.194196
0.331377
0.299899
0.271623
0.336959
0.307091
0.232284
0.239247
0.233559
0.239398
0.251199
0.251756
0.286970
0.246731
0.315018
0.282317
0.248158
0.217733
0.229293
0.264292
0.325177
0.289793
0.227685
0.226737
0.291163
0.261538
0.330957
0.198005
0.265651
0.215254
0.306438
0.200048
0.235038
0.303999
0.274935
0.242180
0.222331
0.274830
0.247620
0.315308
0.197320
0.246418
0.193499
0.281991
0.201129
0.220375
0.286309
0.252853
0.221103
0.288118
0.256352
0.222710
0.292385
0.260130
0.217928
0.297306
0.265222
0.286129
0.227660
0.267801
0.341037
0.227649
0.266523
0.342742
0.308108
0.231760
0.446033
0.258647
0.279691
0.248279
0.315107
0.290968
0.229465
0.322287
0.285621
0.255943
0.227495
0.290679
0.257839
0.328293
0.233828
0.264800
0.436050
0.254904
0.264292
0.334854
0.231172
0.271566
0.284523
0.306387
0.271443
0.338327
0.313684
0.275978
0.240450
0.313262
0.291866
0.244371
0.316287
0.231891
0.370281
0.627777
0.407224
0.204098
0.321522
0.499699
0.280891
0.328605
0.296022
0.203088
0.232692
0.297258
0.207622
0.234550
0.302922
0.270431
0.254047
0.287992
0.274585
0.210780
0.306175
0.277143
0.244612
0.313841
0.202919
0.202693
0.315502
0.206318
0.248409
0.206339
0.290375
0.254047
0.227350
0.293312
0.216316
0.326012
0.291279
0.264863
0.332370
0.243524
0.265127
0.316891
0.309397
0.268617
0.339490
0.303483
0.270002
0.351365
0.203810
0.241167
0.364855
0.310249
0.280297
0.243726
0.311008
0.280830
0.355995
0.235527
0.387491
0.237863
0.319185
0.292653
0.256310
0.331193
0.299925
0.263604
0.242532
0.297688
0.264092
0.230716
0.244134
0.263943
0.346854
0.272217
0.269750
0.228805
0.305480
0.272607
0.242971
0.209824
0.275744
0.239851
0.310239
0.280014
0.242917
0.314770
0.283017
0.215421
0.316543
0.208027
0.255839
0.209608
0.210953
0.262026
0.431086
0.216951
0.262493
0.232462
0.273723
0.268733
0.232295
0.300384
0.272910
0.240294
0.267482
0.248557
0.240293
0.309592
0.214332
0.243997
0.311514
0.274726
0.215201
0.315780
0.282230
0.247839
0.318470
0.271309
0.357973
0.323839
0.300694
0.359568
0.307878
0.292319
0.261926
0.338884
0.296343
0.367216
0.217308
0.248017
0.270893
0.347741
0.302284
0.269628
0.248130
0.304757
0.273164
0.239957
0.306793
0.234694
0.244890
0.312155
0.217279
0.250349
0.316693
0.285494
0.357876
0.221573
0.286317
0.255929
0.253599
0.291461
0.360399
0.226378
0.296261
0.262964
0.331295
0.301650
0.229162
0.338485
0.304026
0.269006
0.236592
0.307286
0.221331
0.240888
0.406317
0.217113
0.240890
0.314655
0.259873
0.228554
0.314367
0.226195
0.249223
0.319746
0.218387
0.256142
0.328342
0.295806
0.259787
0.220516
0.293328
0.262630
0.331253
0.298252
0.266995
0.336966
0.226163
0.222181
0.339563
0.304546
0.229130
0.238024
0.309838
0.278050
0.224056
0.312571
0.280146
0.249442
0.316444
0.283725
0.252191
0.318335
0.293944
0.254066
0.325097
0.291533
0.262769
0.225624
0.301707
0.225163
0.332010
0.224213
0.267626
0.337665
0.225219
0.267716
0.339733
0.307605
0.273148
0.236502
0.310562
0.275571
0.250355
0.421447
0.239873
0.223282
0.421490
0.226281
0.254107
0.321523
0.287896
0.255863
0.225352
0.297799
0.258896
0.328668
0.397158
0.236686
0.330092
0.405602
0.236053
0.335264
0.303027
0.268226
0.247436
0.305001
0.279788
0.340006
0.311861
0.235958
0.344686
0.309017
0.278043
0.244544
0.311785
0.226967
0.252801
0.227776
0.287408
0.251808
0.346840
0.232785
0.259563
0.346316
0.399274
0.228900
0.332936
0.305942
0.268536
0.250724
0.300977
0.270951
0.326469
0.306760
0.375036
0.257079
0.268589
0.377691
0.224979
0.326916
0.289205
0.258998
0.305684
0.282529
0.345660
0.315727
0.285463
0.257481
0.319698
0.283683
0.249572
0.333238
0.308567
0.251402
0.330566
0.257779
0.360132
0.226181
0.289699
0.260646
0.430251
0.233701
0.235429
0.331646
0.400369
0.230459
0.343311
0.407817
0.231551
0.344319
0.303443
0.245032
0.345067
0.306758
0.279830
0.340969
0.228535
0.277006
0.250719
0.317184
0.235680
0.361260
0.229292
0.283634
0.249607
0.421453
0.258285
