0.392534
0.281158
0.345795
0.306201
0.267874
0.336628
0.303680
0.252084
0.336068
0.298361
0.364596
0.330881
0.294174
0.254897
0.322978
0.291324
0.362264
0.254780
0.295736
0.365081
0.338753
0.259567
0.367394
0.333563
0.297087
0.361989
0.266903
0.303534
0.368006
0.339785
0.303483
0.265467
0.337037
0.303138
0.369557
0.259278
0.299049
0.263352
0.290091
0.401247
0.368304
0.298798
0.300899
0.369502
0.333313
0.405293
0.283121
0.331939
0.308754
0.366843
0.296643
0.401375
0.367748
0.293086
0.298810
0.366493
0.337599
0.389953
0.366957
0.332056
0.412005
0.367359
0.334777
0.263302
0.368015
0.336030
0.407224
0.287403
0.335076
0.404828
0.293379
0.337503
0.292625
0.367071
0.337505
0.291162
0.368670
0.337656
0.403616
0.369091
0.335369
0.313301
0.369526
0.287731
0.297985
0.369873
0.334378
0.298526
0.370110
0.334825
0.301301
0.377953
0.255789
0.299753
0.297794
0.335304
0.307376
0.367203
0.258948
0.299691
0.366084
0.257020
0.296689
0.263162
0.333995
0.296934
0.368234
0.256162
0.296975
0.264839
0.255402
0.298066
0.271663
0.254037
0.255035
0.322371
0.331045
0.296307
0.364397
0.328782
0.295337
0.364923
0.332503
0.295894
0.364811
0.333430
0.252159
0.363729
0.330380
0.295168
0.468970
0.257911
0.299117
0.467399
0.253653
0.296969
0.366096
0.333045
0.299892
0.368112
0.331116
0.300644
0.367061
