0.452682
0.374391
0.298797
0.294054
0.360250
0.265191
0.287190
0.356811
0.318974
0.384854
0.348301
0.312631
0.381449
0.353401
0.326776
0.379442
0.349526
0.316055
0.386639
0.321398
0.316542
0.385710
0.351619
0.316345
0.284258
0.353000
0.319149
0.395627
0.344718
0.330485
0.396790
0.366706
0.331817
0.397684
0.307763
0.337743
0.300593
0.366602
0.332610
0.298536
0.273645
0.333549
0.303291
0.369104
0.275223
0.303917
0.372737
0.335608
0.302135
0.372569
0.341503
0.408154
0.375328
0.341844
0.407818
0.375326
0.345199
0.309640
0.375597
0.342738
0.412903
0.379750
0.346911
0.413839
0.380266
0.345512
0.311103
0.384146
0.347908
0.415980
0.383497
0.349854
0.416019
0.383122
0.351294
0.428267
0.386638
0.351150
0.319744
0.388745
0.352682
0.425178
0.390284
0.356588
0.321023
0.391841
0.465252
0.297464
0.393290
0.361058
0.325331
0.292037
0.360817
0.330076
0.400684
0.361194
0.327795
0.396590
0.364562
0.337280
0.399075
0.365078
0.329366
0.411388
0.275560
0.331984
0.401925
0.368518
0.334180
0.401650
0.370186
0.336771
0.403942
0.370818
0.338050
0.404726
0.372765
0.341024
0.412390
