0.449623
0.378220
0.343705
0.273711
0.381714
0.353657
0.319196
0.493875
0.294428
0.308915
0.379590
0.347780
0.419992
0.274103
0.364084
0.331814
0.302954
0.301249
0.378049
0.356424
0.328961
0.306275
0.379110
0.352168
0.328826
0.302340
0.482737
0.293657
0.325877
0.400133
0.373313
0.346341
0.320917
0.294597
0.383529
0.346256
0.322565
0.369195
0.342532
0.315754
0.366972
0.339777
0.337997
0.336585
0.385634
0.359452
0.383308
0.357427
0.329665
0.304878
0.380182
0.352829
0.327467
0.307879
0.377636
0.351659
0.306360
0.371599
0.318594
0.366719
0.398297
0.387968
0.360692
0.333155
0.307928
0.384307
0.357801
0.333423
0.383981
0.329826
0.303082
0.379533
0.354945
0.328270
0.301053
0.378696
0.352690
0.325048
0.300859
0.375736
0.349850
0.322519
0.298976
0.373020
0.348263
0.321887
0.311193
0.375489
0.345931
0.321715
0.294159
0.369216
0.343740
0.313127
0.386568
0.277497
0.328692
0.303194
0.335470
0.408049
0.425470
0.396886
0.371147
0.342783
0.391162
0.389127
0.338370
0.309880
0.388065
0.333296
0.322024
0.384369
0.356966
0.336227
0.401166
0.275562
0.330705
0.407283
0.274556
0.354307
0.340421
0.301959
0.378236
0.352181
0.332707
0.325030
0.350387
0.342839
0.390988
0.335831
0.309495
0.386495
0.310055
0.386588
0.303676
0.352330
0.328074
0.296686
0.350272
0.322336
0.336014
0.320509
0.369636
0.342818
0.318066
0.349479
0.317024
0.365025
0.312541
0.337329
0.387017
0.276532
0.358525
0.343033
0.305679
0.382918
0.355716
0.304258
0.382620
0.354852
0.330055
0.375598
0.293089
0.317130
0.391011
0.365748
0.313512
0.389762
0.366878
0.386655
0.335144
0.326641
0.296379
0.346176
0.352033
0.349202
0.394171
0.411448
0.317307
0.290486
0.344144
0.314778
0.391804
0.364674
0.351140
0.412868
0.282851
0.359519
0.309308
0.394879
0.307945
0.327024
0.302161
0.352553
0.326169
0.405530
0.387895
0.351633
