0.461130
0.273781
0.223106
0.232328
0.285683
0.355450
0.318287
0.279479
0.247490
0.412111
0.252459
0.336713
0.299870
0.267873
0.334337
0.244165
0.284518
0.326751
0.393293
0.280319
0.324293
0.288169
0.287739
0.287715
0.284176
0.353968
0.261104
0.268701
0.290490
0.352872
0.310259
0.282396
0.261102
0.310652
0.376588
0.261931
0.304171
0.371967
0.336280
0.301381
0.365729
0.330221
0.261744
0.261865
0.329095
0.289210
0.357392
0.258237
0.285596
0.262273
0.263205
0.281707
0.348429
0.264067
0.277565
0.345446
0.309369
0.273594
0.339927
0.303420
0.370638
0.333756
0.297316
0.364602
0.329715
0.291844
0.359730
0.273685
0.260809
0.354562
0.317884
0.283557
