0.424419
0.184939
0.201020
0.261041
0.226411
0.289628
0.251602
0.220664
0.285628
0.245969
0.314647
0.284277
0.298924
0.245182
0.223561
0.284453
0.243878
0.218903
0.282661
0.245327
0.213045
0.286570
0.250404
0.213230
0.229818
0.282597
0.247942
0.212320
0.196020
0.253773
0.200119
0.290751
0.254125
0.221442
0.289068
0.258867
0.223686
0.198283
0.254418
0.217709
0.197478
0.252123
0.254547
0.207575
0.197130
0.255763
0.222210
0.243629
0.290028
0.295788
0.255998
0.259900
0.201091
0.199859
0.202002
0.204046
0.254695
0.259374
0.309191
0.199753
0.218602
0.289049
0.293492
0.305138
0.195002
0.208183
0.210752
0.221848
0.291444
0.258765
0.220943
0.292737
0.255751
0.222365
0.206285
0.254250
0.219722
0.226451
0.291279
0.296889
0.254191
0.225315
0.288491
0.255629
0.221596
0.291353
0.255679
0.224508
0.288763
0.206944
0.222126
0.286887
0.254978
0.223522
0.287664
0.253424
0.219048
0.291067
0.311118
0.220514
0.204074
0.259080
0.325789
0.289424
0.255505
0.323210
0.292010
0.255540
0.320595
0.291457
0.255518
0.327689
0.288869
0.238629
0.209699
0.289499
0.205560
0.222936
0.292358
0.256263
0.224579
0.293019
0.254048
0.220449
0.203974
0.254913
0.222512
0.290749
0.206852
0.219459
0.336249
0.253007
0.323190
0.286879
0.259245
0.327343
0.205210
0.253572
0.317874
0.207184
0.249810
0.320242
0.285125
0.247840
0.204120
0.294358
0.248229
0.314280
0.282989
0.250879
0.209698
0.208254
0.252066
0.206332
0.238266
0.247190
0.208000
0.284863
0.251595
0.255329
0.285470
0.240659
0.318545
0.283860
0.240228
0.316288
0.279710
0.352349
0.318496
0.283415
0.348851
0.314518
0.242019
0.349026
0.212939
0.282382
0.245902
0.312666
0.284575
0.250344
0.315651
0.212200
0.247588
0.316099
0.222111
0.248255
0.314711
0.292119
0.250457
0.317324
0.279663
0.351579
0.357228
0.315711
0.282012
0.352170
0.318788
0.323929
0.283969
0.353299
0.356665
0.315253
0.282442
0.262497
0.318097
0.284469
0.268163
0.318828
0.252759
0.350661
0.217298
0.281341
0.250317
0.313283
0.280029
0.245420
0.231700
0.278832
0.248093
0.315422
0.282164
0.216766
0.314964
0.280137
0.248524
0.314024
0.279514
0.249031
0.315659
0.299242
0.215113
0.252872
0.279327
0.243990
0.312642
0.384669
0.214947
0.217700
0.286982
0.215670
0.315462
0.280154
0.216918
0.314455
0.281111
0.244649
0.313831
0.251012
0.248060
0.269854
0.280826
0.215501
0.229959
0.281111
0.250168
0.316212
0.280772
0.245435
0.316017
0.279175
0.244970
0.218230
0.282342
0.243057
0.312797
0.275994
0.245016
0.313218
0.277169
0.242850
0.313573
0.282475
0.259789
0.312562
0.281837
0.249039
0.217283
0.278807
0.249298
0.316425
0.295484
0.216932
0.219227
0.253531
0.243016
0.316415
0.279786
0.248658
0.316338
0.220891
0.247953
0.314152
0.221492
0.250744
0.314410
0.285564
0.216836
0.312466
0.276307
0.243156
0.315698
0.218599
0.240672
0.311014
0.283107
0.247460
0.219774
0.276043
0.238198
0.237586
0.273412
0.244672
0.307606
0.273906
0.239865
0.219299
0.271785
0.235149
0.301590
0.268555
0.234512
0.215772
0.268202
0.230767
0.301010
0.269434
0.230103
0.214780
0.264866
0.237595
0.274386
0.279497
0.339791
0.302611
0.269026
0.219086
0.306511
0.271341
0.330244
0.299310
0.266199
0.272609
0.334754
0.300408
0.217018
0.333463
0.301673
0.270729
0.225003
0.305218
0.273300
0.335645
0.304138
0.269437
0.338172
0.303210
0.267947
0.336371
0.300213
0.220714
0.336352
0.224071
0.270612
0.335353
0.307708
0.219139
0.287101
0.300625
0.264547
0.238666
0.304707
0.270483
0.223813
0.303524
0.261364
0.337378
0.306109
0.266840
0.336841
0.303211
0.267656
0.248970
0.301582
0.267297
0.335859
0.302003
0.280400
0.335121
0.224277
0.223659
0.343146
0.222674
0.271898
0.337475
0.223791
0.272702
0.337139
0.300432
0.226680
0.264565
0.305267
0.269055
0.345318
0.293723
0.268904
0.336604
0.230911
0.267960
0.338513
0.299593
0.268157
0.339189
0.303617
0.274047
0.284983
0.284541
0.268717
0.290171
0.296376
0.268348
0.347855
0.300403
0.264480
0.335298
0.299965
0.228878
0.330218
0.295008
0.228534
0.339767
0.301067
0.227375
0.336526
0.304042
0.269395
0.237364
0.275007
0.267332
0.335948
0.227471
0.268343
0.336705
0.302875
0.276140
0.231163
0.300926
0.269292
0.338849
0.302669
0.374830
0.339389
0.302903
0.270375
0.336446
0.304364
0.264276
0.335001
0.301569
0.373027
0.335314
0.264296
0.369913
0.335769
0.301767
0.266796
0.336456
0.301030
0.375967
0.331433
0.300454
0.269788
0.332901
0.302055
0.270032
0.334087
0.297645
0.263961
0.331510
0.298760
0.229615
0.331887
0.300754
0.263016
0.335349
0.301315
0.368751
0.261612
0.300503
0.232413
0.332197
0.300148
0.263415
0.265452
0.333069
0.335171
0.299844
0.367326
0.369833
0.232500
0.299243
0.262698
0.330322
0.297404
0.265005
0.330525
0.295822
0.234047
0.272256
0.240658
0.263227
0.284557
0.297700
0.261492
0.248446
0.269816
0.260828
0.328654
0.294607
0.260401
0.262672
0.284407
0.286725
0.296218
0.266129
0.329303
0.333421
0.297946
0.261024
0.329400
0.299506
0.231206
0.330806
0.295696
0.261770
0.331655
0.295801
0.262380
0.231370
0.294953
0.260653
0.328249
0.296585
0.262735
0.328870
0.397978
0.232501
0.231985
0.295155
0.365293
0.325440
0.292170
0.358347
0.325484
0.293183
0.260946
0.325861
0.310050
0.359181
0.329169
0.266234
0.368712
0.332667
0.279495
0.271269
0.328960
0.296128
0.364734
0.328696
0.298361
0.262646
0.232624
0.297727
0.262811
0.284052
0.304151
0.264591
0.331862
0.298252
0.266919
0.332981
0.237155
0.366967
0.330795
0.294427
0.363288
0.328539
0.295106
0.262992
0.327350
0.294171
0.359352
0.280176
0.266990
0.258718
0.326751
0.293944
0.257240
0.327795
0.292771
0.259397
0.296937
0.235281
0.259692
0.326899
0.295328
0.257471
0.329112
0.299448
0.261353
0.242215
0.295458
0.285708
0.245553
0.299010
0.265246
0.329611
0.296787
0.242610
0.331165
0.237891
0.262749
0.335462
0.297445
0.263241
0.335320
0.299113
0.264220
0.329817
0.271362
0.266801
0.332664
0.275235
0.362844
0.331229
0.295312
0.364185
0.328684
0.296439
0.276425
0.330025
0.297080
0.362876
0.326907
0.293220
0.362361
0.328865
0.296884
0.238661
0.326622
0.292962
0.362408
0.239996
0.288222
0.358902
0.323331
0.290721
0.359488
0.279602
0.293704
0.362554
0.325835
0.290817
0.272129
0.323831
0.289411
0.357257
0.323331
0.270654
0.255679
0.329022
0.291179
0.359521
0.244997
0.290201
0.274010
0.320914
0.244805
0.357940
0.321694
0.287179
0.242705
0.242095
0.259086
0.359191
0.325896
0.289033
0.357509
0.325222
0.289889
0.357753
0.323005
0.290739
0.357417
0.242684
0.244446
0.357739
0.361773
0.243666
0.245750
0.250162
0.291738
0.294280
0.243471
0.252773
0.254775
0.331801
0.305764
0.356294
0.358731
0.322434
0.287803
0.289849
0.358588
0.361926
0.311205
0.314043
0.286021
0.292850
0.354186
0.358126
0.320207
0.324470
0.242631
0.353420
0.321394
0.286247
0.355007
0.241879
0.284274
0.351728
0.240673
0.284828
0.355487
0.321048
0.284357
0.353564
0.243959
0.285694
0.246403
0.318730
0.282784
0.349315
0.318442
0.286927
0.354306
0.264402
0.280062
0.350021
0.317191
0.282425
0.350795
0.316240
0.244536
0.349821
0.319109
0.281803
0.350194
0.318591
0.245484
0.353362
0.316905
0.285928
0.354140
0.245342
0.281728
0.365492
0.317178
0.284683
0.358125
0.248233
0.283200
0.249036
0.318095
0.245411
0.350824
0.244242
0.246298
0.282488
0.247744
0.316882
0.284720
0.350754
0.317862
0.322861
0.283074
0.352842
0.318020
0.284246
0.351946
0.316250
0.283819
