0.352855
0.27299
0.296586
0.262609
0.21775
0.290498
0.251041
0.22019
0.289657
0.250884
0.290931
0.251832
0.224688
0.257655
0.227269
0.295712
0.298447
0.266656
0.268862
0.234532
0.241472
0.298987
0.303677
0.220978
0.229537
0.341352
0.344113
0.219304
0.226784
0.267975
0.271918
0.243071
0.248975
0.316999
0.321127
0.226089
0.229819
0.252263
0.257291
0.318696
0.320962
0.25279
0.255039
0.324656
0.326845
0.228512
0.233741
0.253518
0.256876
0.230625
0.234441
0.291316
0.295587
0.257923
0.264215
0.328214
0.335177
0.303692
0.305916
0.261809
0.268814
0.331897
0.338135
0.30524
0.309141
0.265929
0.275153
0.337427
0.34044
0.304863
0.311862
0.279081
0.281348
0.237677
0.243013
0.305955
0.313715
0.236524
0.240404
0.347967
0.351148
0.229337
0.231422
0.232135
0.236026
0.319388
0.321706
0.287666
0.289763
0.230099
0.232638
0.322161
0.324314
0.286713
0.289354
0.255771
0.257813
0.326617
0.328774
0.239665
0.241773
0.260953
0.263036
0.229325
0.233699
0.301044
0.305354
0.23069
0.232843
0.300679
0.303797
0.236247
0.2386
0.300979
0.3056
0.270749
0.272903
0.341886
0.344088
0.277426
0.279603
0.345408
0.347688
0.349733
0.312831
0.315496
0.280333
0.282451
0.231714
0.235226
0.312491
0.317012
0.279975
0.285428
0.340321
0.342912
0.242185
0.244272
0.286206
0.288767
0.352732
0.230869
0.232932
0.283431
0.288532
0.23691
0.241308
0.327326
0.330092
0.286828
0.305013
0.256484
0.261066
0.325628
0.32995
0.295143
0.298993
0.262164
0.264215
0.233879
0.236419
0.301282
0.309171
0.268567
0.271527
0.338683
0.341287
0.239219
0.241258
0.270231
0.274185
0.336864
0.340033
0.236588
0.246971
0.272868
0.275111
0.33926
0.344998
0.23843
0.240413
0.277955
0.281193
0.247816
0.249988
0.23585
0.240977
0.280102
0.284909
0.350927
0.35308
0.316211
0.322715
0.235462
0.244373
0.351382
0.322135
0.32427
0.237611
0.239918
0.259497
0.264081
0.323262
0.326197
0.29448
0.296738
0.259657
0.266228
0.306855
0.309052
0.234822
0.238549
0.262902
0.264952
0.329667
0.345927
0.269207
0.273818
0.332793
0.240057
0.244733
0.268848
0.278314
0.338325
0.347006
0.234719
0.236717
0.278734
0.280839
0.34403
0.352923
0.314525
0.316665
0.275564
0.283961
0.24724
0.249329
0.312834
0.323021
0.242309
0.244564
0.269401
0.27277
0.321535
0.325369
0.288092
0.290246
0.35383
0.324803
0.327221
0.289546
0.294381
0.255685
0.258417
0.228485
0.231368
0.244442
0.246492
0.261593
0.267176
0.330729
0.336137
0.236106
0.246602
0.26449
0.272175
0.339112
0.341301
0.241393
0.243451
0.268438
0.270513
0.341363
0.343714
0.247277
0.250778
0.270285
0.288705
0.345665
0.348003
0.249534
0.251589
0.280808
0.289323
0.346263
0.352813
0.238696
0.240736
0.244222
0.246651
0.253362
0.255419
0.32065
0.330272
0.282967
0.296971
0.256537
0.258785
0.296986
0.302438
0.288057
0.292093
0.240815
0.248756
0.301378
0.306125
0.24767
0.25144
0.328782
0.343425
0.24549
0.247514
0.260136
0.274094
0.33813
0.340239
0.244097
0.246064
0.262026
0.274806
0.335308
0.3395
0.306119
0.308261
0.267767
0.277573
0.342863
0.34638
0.313527
0.315701
0.27152
0.293012
0.283454
0.285845
0.313941
0.316097
0.28263
0.284487
0.248384
0.250402
0.317139
0.31929
0.285905
0.287966
0.351487
0.266791
0.2693
0.286398
0.291461
0.323451
0.325602
0.22297
0.261799
0.266523
0.323957
0.338708
0.228216
0.230284
0.327996
0.334027
0.2202
0.261128
0.267714
0.334331
0.336471
0.248693
0.290397
0.216652
0.239214
0.241354
0.301453
0.309079
0.26882
0.278208
0.218354
0.307436
0.32166
0.279455
0.281615
0.242221
0.262254
0.22526
0.227654
0.284266
0.288949
0.251298
0.253356
0.217449
0.223475
0.287596
0.29019
0.253635
0.256611
0.219605
0.221987
0.288732
0.290968
0.258466
0.260616
0.323608
0.331685
0.217613
0.221515
0.25785
0.260752
0.325136
0.342886
0.220304
0.223493
0.224351
0.228459
0.332782
0.335296
0.297555
0.299706
0.265472
0.270652
0.223206
0.299918
0.301586
0.304216
0.248793
0.250837
0.337297
0.339424
0.3028
0.307106
0.254379
0.258469
0.219686
0.230001
0.309685
0.311833
0.274241
0.276295
0.345388
0.348279
0.22838
0.231212
0.279951
0.282018
0.348343
0.352286
0.317782
0.319905
0.285524
0.287605
0.355117
0.285783
0.29004
0.285726
0.287742
0.354582
0.322152
0.325362
0.289813
0.292224
0.258056
0.26177
0.321545
0.341946
0.220085
0.222116
0.329316
0.337576
0.296777
0.298862
0.223802
0.230668
0.332989
0.335427
0.302621
0.304727
0.251181
0.253203
0.305884
0.30797
0.27007
0.299419
0.29047
0.292515
0.310949
0.314252
0.271609
0.2775
0.346553
0.351208
0.320986
0.323716
0.290237
0.29648
0.35211
0.318475
0.320651
0.284104
0.286131
0.354278
0.22328
0.225368
0.256848
0.259761
0.354053
0.224232
0.228641
0.28796
0.294841
0.222437
0.225808
0.229407
0.23144
0.300354
0.304706
0.265543
0.267743
0.336378
0.341279
0.305257
0.309364
0.27183
0.290254
0.300812
0.270494
0.339718
0.293132
0.270545
0.296609
0.312201
0.276861
0.225579
0.312774
0.27835
0.251616
0.31798
0.250702
0.246783
0.323922
0.286639
0.260726
0.225166
0.293896
0.259743
0.334132
0.223
0.264828
0.329488
0.296469
0.27063
0.336792
0.232141
0.237914
0.30916
0.228836
0.315252
0.28173
0.345874
0.311749
0.284503
0.249823
0.316644
0.290492
0.25262
0.28909
0.293797
0.257499
0.24483
0.291663
0.266183
0.229949
0.227635
0.261134
0.256104
0.298726
0.269649
0.341751
0.306828
0.230733
0.308331
0.277029
0.231655
0.316116
0.283836
0.346285
0.319679
0.285118
0.252833
0.230764
0.291057
0.257155
0.323157
0.289178
0.248243
0.331069
0.295981
0.259446
0.337539
0.301353
0.268379
0.331697
0.230853
0.269434
0.232263
0.304104
0.269064
0.345328
0.310714
0.274381
0.342522
0.313874
0.27701
0.258302
0.31976
0.287297
0.25093
0.322658
0.284767
0.250362
0.322572
0.290739
0.253711
0.328158
0.295766
0.257037
0.327349
0.302513
0.262713
0.331198
0.30013
0.264162
0.339267
0.306538
0.234247
0.338907
0.309328
0.270503
0.312654
0.307601
0.274643
0.344074
0.319614
0.283787
0.353629
0.320343
0.283362
0.266588
0.327203
0.296962
0.323087
0.333412
0.235873
0.25917
0.333507
0.302661
0.269454
0.314105
0.233859
0.343361
0.306815
0.270474
0.241359
0.310258
0.277157
0.352471
0.310787
0.285431
0.235885
0.321882
0.283001
0.352941
0.235678
0.304507
0.255769
0.236026
0.291814
0.239163
0.328673
0.23899
0.292583
0.3335
0.306329
0.267153
0.339447
0.306613
0.24523
0.306804
0.240939
0.350616
0.311242
0.278011
0.351326
0.247506
0.281597
0.291153
0.351714
0.317374
0.31994
0.290943
0.293119
0.353786
0.239457
0.250324
0.286735
0.29311
0.260153
0.262432
0.323984
0.331795
0.292498
0.297431
0.260175
0.267323
0.318111
0.322345
0.298521
0.300719
0.243367
0.338191
0.342818
0.240377
0.242465
0.27067
0.341488
0.34662
0.309139
0.311331
0.2454
0.250674
0.338412
0.285579
0.291041
0.272398
0.276344
0.342863
0.348652
0.314308
0.316483
0.239861
0.241931
0.353228
0.240874
0.242961
0.281302
0.286103
0.350652
0.242669
0.244752
0.239706
0.247882
0.242489
0.252201
0.323472
0.327266
0.293996
0.29616
0.247572
0.253627
0.242257
0.244263
0.294203
0.306721
0.258928
0.266031
0.319803
0.300241
0.305575
0.246648
0.239419
0.305995
0.249364
0.24235
0.2445
0.25148
0.253572
0.27226
0.345356
0.347553
0.31519
0.317742
0.281502
0.283692
0.342934
0.3506
0.315596
0.317819
0.244109
0.248132
0.354615
0.318434
0.330123
0.287418
0.306875
