0.424043
0.238366
0.259948
0.262183
0.226382
0.294871
0.239634
0.226528
0.291627
0.254244
0.323077
0.285805
0.201530
0.228103
0.296117
0.206595
0.322550
0.213153
0.256011
0.236044
0.296007
0.259562
0.233841
0.259305
0.268464
0.229692
0.299067
0.277755
0.239079
0.212124
0.277285
0.241308
0.317199
0.214141
0.225061
0.291846
0.217144
0.252324
0.325777
0.288899
0.235428
0.265471
0.290210
0.256405
0.218675
0.289084
0.260491
0.320712
0.293517
0.269920
0.335179
0.300540
0.267358
0.218403
0.304343
0.270143
0.236848
0.215589
0.273233
0.237530
0.310587
0.279404
0.244500
0.215929
0.279332
0.221206
0.318564
0.283413
0.244736
0.316130
0.287926
0.249327
0.239962
0.286369
0.253133
0.323706
0.292068
0.260503
0.216825
0.294982
0.260332
0.332258
0.299765
0.267952
0.335402
0.215481
0.269156
0.234074
0.309654
0.248696
0.217851
0.307782
0.280631
0.242090
0.314268
0.220355
0.248227
0.317885
0.283146
0.250074
0.219729
0.288197
0.223668
0.327198
0.289375
0.261869
0.330700
0.268637
0.265903
0.331510
0.293996
0.268957
0.337508
0.301720
0.222625
0.340923
0.221532
0.275393
0.244488
0.220057
0.277381
0.244082
0.312611
0.281020
0.247938
0.317164
0.282278
0.251779
0.321353
0.287436
0.253737
0.321732
0.237311
0.258178
0.330202
0.296095
0.263396
0.228980
0.231913
0.267057
0.336555
0.226146
0.271327
0.341831
0.307149
0.277188
0.227943
0.313034
0.280994
0.244226
0.330404
0.282746
0.251405
0.277274
0.287519
0.361132
0.240065
0.299067
0.261284
0.256973
0.292571
0.262298
0.332418
0.293213
0.364266
0.272996
0.300863
0.367647
0.336706
0.303469
0.371413
0.338958
0.303569
0.271121
0.342383
0.310885
0.277853
0.348573
0.310247
0.280596
0.351452
0.314537
0.283880
0.303695
0.323923
0.288229
0.354049
0.323874
0.291631
0.364714
0.226734
0.270723
0.364121
0.331488
0.297389
0.365781
0.335458
0.301149
0.371076
0.269058
0.304187
0.375934
0.345783
0.308275
0.262384
0.343246
0.301821
0.279268
0.352881
0.315805
0.263110
0.252706
0.323165
0.285969
0.356318
0.324029
0.293126
0.264091
0.326966
0.294995
0.363030
0.262264
0.299968
0.263757
0.335022
0.304162
0.269062
0.339855
0.236363
0.267743
0.339195
0.306690
0.275033
0.230078
0.310960
0.234288
0.347537
0.315155
0.234709
0.249993
0.318793
0.284882
0.251914
0.324007
0.291981
0.256797
0.233247
0.290416
0.260334
0.238636
0.308984
0.262271
0.335911
0.245150
0.267709
0.234283
0.306434
0.272099
0.340454
0.309997
0.253408
0.308567
0.311260
0.279208
0.349776
0.234995
0.279728
0.349681
0.316214
0.286828
0.232952
0.318364
0.283911
0.253267
0.324009
0.233979
0.259473
0.235819
0.295264
0.260355
0.333617
0.293798
0.239777
0.334435
0.236043
0.263121
0.339257
0.304537
0.274703
0.300832
0.302258
0.270391
0.339762
0.311081
0.276840
0.347453
0.311666
0.281245
0.236290
0.318376
0.284253
0.239360
0.319536
0.236663
0.250368
0.322441
0.286984
0.346425
0.325700
0.291461
0.261823
0.330072
0.294313
0.260613
0.329937
0.300356
0.267781
0.336281
0.306180
0.278329
0.347640
0.273481
0.270498
0.348323
0.316672
0.281851
0.352836
0.318382
0.387599
0.276389
0.318292
0.286480
0.360010
0.323920
0.291581
0.361964
0.326426
0.272506
0.353710
0.333886
0.300983
0.273090
0.337231
0.300412
0.369402
0.340183
0.308914
0.276379
0.342136
0.270962
0.400309
0.271805
0.314819
0.380945
0.350704
0.285075
0.393641
0.246500
0.319411
0.247942
0.357912
0.324059
0.293417
0.246032
0.275567
0.278580
0.362392
0.332201
0.296772
0.368844
0.279690
0.273799
0.375044
0.336313
0.237471
0.263535
0.335001
0.300866
0.268357
0.339331
0.304821
0.242532
0.341925
0.306237
0.273755
0.320995
0.311049
0.279160
0.448888
0.237644
0.286701
0.238684
0.318845
0.240918
0.348523
0.315347
0.242393
0.300090
0.314354
0.281804
0.352776
0.320681
0.393101
0.269355
0.240777
0.293130
0.238847
0.327468
0.293495
0.321455
0.330959
0.296584
0.371092
0.274779
0.289068
0.372712
0.339365
0.280074
0.271396
0.340500
0.308571
0.378616
0.348312
0.315477
0.384276
0.351625
0.315665
0.275631
0.351452
0.322358
0.389834
0.275437
0.325285
0.288886
0.360483
0.245480
0.292471
0.260871
0.329664
0.243953
0.265173
0.334626
0.301625
0.266418
0.336447
0.243525
0.253661
0.344705
0.247037
0.274216
0.346357
0.311599
0.278481
0.281160
0.251132
0.282088
0.353287
0.323350
0.287614
0.247538
0.324419
0.288014
0.357631
0.327326
0.291860
0.362046
0.327861
0.294883
0.263206
0.245216
0.298005
0.266533
0.339976
0.304298
0.247944
0.342086
0.306346
0.272065
0.244396
0.310511
0.274980
0.344702
0.247148
0.253837
0.349761
0.305001
0.262710
0.356272
0.318838
0.286848
0.244268
0.324006
0.290610
0.359168
0.325850
0.293427
0.294886
0.330436
0.296334
0.263074
0.331471
0.298528
0.245820
0.337225
0.301661
0.269887
0.339921
0.247255
0.275287
0.345003
0.297188
0.278913
0.345579
0.312989
0.257650
0.351058
0.319754
0.282510
0.349481
0.249484
0.284305
0.354228
0.323070
0.289390
0.361318
0.330097
0.278172
0.361993
0.248939
0.296004
0.365331
0.332835
0.249991
0.252927
0.335692
0.304645
0.262007
0.442353
0.283331
0.376641
0.342023
0.310910
0.287341
0.344068
0.311323
0.381075
0.347927
0.319789
0.384872
0.250955
0.318012
0.388297
0.286783
0.252216
0.267289
0.360744
0.331080
0.400417
0.341370
0.331380
0.401635
0.255499
0.334784
0.255034
0.369121
0.252084
0.400584
0.253518
0.267843
0.303861
0.258510
0.263765
0.346626
0.311504
0.273178
0.343103
0.310281
0.256275
0.347535
0.315596
0.250416
0.349602
0.314759
0.281813
0.356881
0.319557
0.288166
0.253490
0.254586
0.249378
0.253621
0.324145
0.253042
0.361502
0.328659
0.295470
0.274313
0.335474
0.304602
0.370288
0.254864
0.303900
0.271527
0.339088
