cpu  44767 579 61899 6376823 9220 9067 9487 0 0 0
cpu0 11155 443 17256 1585173 2251 6033 4415 0 0 0
cpu1 12220 6 15399 1594109 2215 1135 2541 0 0 0
cpu2 10554 101 14787 1598638 2437 979 1274 0 0 0
cpu3 10836 28 14455 1598902 2317 918 1255 0 0 0
intr 12508040 0 0 0 0 0 0 0 0 0 978867 586478 357897 348691 551 0 0 0 0 0 0 0 0 0 0 0 0 1088 0 0 0 0 0 0 0 0 0 0 0 0 0 0 0 0 0 0 0 0 0 0 0 0 0 0 0 0 0 0 0 0 0 3 5102 0 28 24 0 0 0 16331 520340 1 0 0 0 0 0 0 0 0 86142 6988 0 0 113 0 3802296 0 0 0 0 23568 0 38485 0 0 0 0 0 0 0 0 0 0 0 0 0 0 0 0 0 0 0 0 0 0 0 0 0 0 0 0 0 0 0 0 0 0 0 0 0 0 0 0 0 0 0 0 0 0 0 0 0 0 0 0 0 0 0 0 0 0 0 0 0 0 0 0 0 0 0 0 0 0 0 0 0 0 0 0 0 0 0 0 0 0 0 0 0 0 0 0 0 0 0 0 0 0 0 0 0 0 0 0 0 0 0 0 0 0 0 0 0 0 0 0 0 0 0 0 0 0 0 0 0 0 0 0 0 0 0 0 0 0 0 0 0 0 0 0 0 0 0 0 0 0 0 0 0 0 0 0 0 0 0 0 0 0 0 0 0 0 0 0 0 0 0 0 0 0 0 0 0 0 0 0 0 0 0 0 0 0 0 0 0 0 0 0 0 0 0 0 0 0 0 0 0 0 0 0 0 0 0 0 0 0 0 0 0 0 0 0 0 0 0 0 0 0 0 0 0 0 0 0 0 0 0 0 0 0 0 0 0 0 0 0 0 0 0 0 0 0 0 0 0 0 0 0 0 0 0 0 0 0 0 0 0 0 0 0 0 0 0 0 0 0 0 0 0 0 0 0 0 0 0 0 0 0 0 0 0 0 0 0 0 0 0 0 0 0 0 0 0 0 0 56 54 0 0 0 0 0 0 0 0 0 0 0 0 0 0 0 0 0 0 0 0 3802251 0 48
ctxt 7605719
btime 1592793667
processes 28270
procs_running 1
procs_blocked 0
softirq 8370408 1 1878684 35942 3507364 0 0 31371 1274651 0 1642395
cpu  44770 579 61903 6377215 9220 9067 9488 0 0 0
cpu0 11157 443 17259 1585269 2251 6033 4415 0 0 0
cpu1 12220 6 15401 1594207 2215 1135 2541 0 0 0
cpu2 10554 101 14787 1598737 2437 979 1274 0 0 0
cpu3 10837 28 14455 1599002 2317 918 1255 0 0 0
intr 12508946 0 0 0 0 0 0 0 0 0 978963 586533 357953 348745 551 0 0 0 0 0 0 0 0 0 0 0 0 1088 0 0 0 0 0 0 0 0 0 0 0 0 0 0 0 0 0 0 0 0 0 0 0 0 0 0 0 0 0 0 0 0 0 3 5102 0 28 24 0 0 0 16331 520340 1 0 0 0 0 0 0 0 0 86178 6988 0 0 113 0 3802547 0 0 0 0 23570 0 38485 0 0 0 0 0 0 0 0 0 0 0 0 0 0 0 0 0 0 0 0 0 0 0 0 0 0 0 0 0 0 0 0 0 0 0 0 0 0 0 0 0 0 0 0 0 0 0 0 0 0 0 0 0 0 0 0 0 0 0 0 0 0 0 0 0 0 0 0 0 0 0 0 0 0 0 0 0 0 0 0 0 0 0 0 0 0 0 0 0 0 0 0 0 0 0 0 0 0 0 0 0 0 0 0 0 0 0 0 0 0 0 0 0 0 0 0 0 0 0 0 0 0 0 0 0 0 0 0 0 0 0 0 0 0 0 0 0 0 0 0 0 0 0 0 0 0 0 0 0 0 0 0 0 0 0 0 0 0 0 0 0 0 0 0 0 0 0 0 0 0 0 0 0 0 0 0 0 0 0 0 0 0 0 0 0 0 0 0 0 0 0 0 0 0 0 0 0 0 0 0 0 0 0 0 0 0 0 0 0 0 0 0 0 0 0 0 0 0 0 0 0 0 0 0 0 0 0 0 0 0 0 0 0 0 0 0 0 0 0 0 0 0 0 0 0 0 0 0 0 0 0 0 0 0 0 0 0 0 0 0 0 0 0 0 0 0 0 0 0 0 0 0 0 0 0 0 0 0 0 0 0 0 0 0 0 0 0 0 0 0 0 56 54 0 0 0 0 0 0 0 0 0 0 0 0 0 0 0 0 0 0 0 0 3802502 0 48
ctxt 7606277
btime 1592793667
processes 28275
procs_running 1
procs_blocked 0
softirq 8371189 1 1878893 35946 3507595 0 0 31372 1274790 0 1642592
cpu  44774 579 61910 6377603 9220 9067 9488 0 0 0
cpu0 11159 443 17262 1585364 2251 6033 4416 0 0 0
cpu1 12222 6 15404 1594303 2215 1135 2541 0 0 0
cpu2 10554 101 14788 1598835 2437 979 1274 0 0 0
cpu3 10838 28 14456 1599099 2317 918 1255 0 0 0
intr 12509915 0 0 0 0 0 0 0 0 0 979069 586601 358008 348804 551 0 0 0 0 0 0 0 0 0 0 0 0 1088 0 0 0 0 0 0 0 0 0 0 0 0 0 0 0 0 0 0 0 0 0 0 0 0 0 0 0 0 0 0 0 0 0 3 5102 0 28 24 0 0 0 16331 520340 1 0 0 0 0 0 0 0 0 86214 6988 0 0 113 0 3802784 0 0 0 0 23572 0 38485 0 0 0 0 0 0 0 0 0 0 0 0 0 0 0 0 0 0 0 0 0 0 0 0 0 0 0 0 0 0 0 0 0 0 0 0 0 0 0 0 0 0 0 0 0 0 0 0 0 0 0 0 0 0 0 0 0 0 0 0 0 0 0 0 0 0 0 0 0 0 0 0 0 0 0 0 0 0 0 0 0 0 0 0 0 0 0 0 0 0 0 0 0 0 0 0 0 0 0 0 0 0 0 0 0 0 0 0 0 0 0 0 0 0 0 0 0 0 0 0 0 0 0 0 0 0 0 0 0 0 0 0 0 0 0 0 0 0 0 0 0 0 0 0 0 0 0 0 0 0 0 0 0 0 0 0 0 0 0 0 0 0 0 0 0 0 0 0 0 0 0 0 0 0 0 0 0 0 0 0 0 0 0 0 0 0 0 0 0 0 0 0 0 0 0 0 0 0 0 0 0 0 0 0 0 0 0 0 0 0 0 0 0 0 0 0 0 0 0 0 0 0 0 0 0 0 0 0 0 0 0 0 0 0 0 0 0 0 0 0 0 0 0 0 0 0 0 0 0 0 0 0 0 0 0 0 0 0 0 0 0 0 0 0 0 0 0 0 0 0 0 0 0 0 0 0 0 0 0 0 0 0 0 0 0 0 0 0 0 0 0 56 54 0 0 0 0 0 0 0 0 0 0 0 0 0 0 0 0 0 0 0 0 3802739 0 48
ctxt 7606978
btime 1592793667
processes 28282
procs_running 1
procs_blocked 0
softirq 8372056 1 1879126 35952 3507815 0 0 31374 1274941 0 1642847
cpu  44777 579 61918 6377991 9220 9068 9489 0 0 0
cpu0 11160 443 17264 1585461 2251 6033 4416 0 0 0
cpu1 12222 6 15406 1594399 2215 1135 2542 0 0 0
cpu2 10555 101 14788 1598934 2437 979 1274 0 0 0
cpu3 10839 28 14458 1599196 2317 918 1256 0 0 0
intr 12510835 0 0 0 0 0 0 0 0 0 979146 586680 358080 348861 551 0 0 0 0 0 0 0 0 0 0 0 0 1088 0 0 0 0 0 0 0 0 0 0 0 0 0 0 0 0 0 0 0 0 0 0 0 0 0 0 0 0 0 0 0 0 0 3 5102 0 28 24 0 0 0 16331 520340 1 0 0 0 0 0 0 0 0 86250 6988 0 0 113 0 3802997 0 0 0 0 23574 0 38485 0 0 0 0 0 0 0 0 0 0 0 0 0 0 0 0 0 0 0 0 0 0 0 0 0 0 0 0 0 0 0 0 0 0 0 0 0 0 0 0 0 0 0 0 0 0 0 0 0 0 0 0 0 0 0 0 0 0 0 0 0 0 0 0 0 0 0 0 0 0 0 0 0 0 0 0 0 0 0 0 0 0 0 0 0 0 0 0 0 0 0 0 0 0 0 0 0 0 0 0 0 0 0 0 0 0 0 0 0 0 0 0 0 0 0 0 0 0 0 0 0 0 0 0 0 0 0 0 0 0 0 0 0 0 0 0 0 0 0 0 0 0 0 0 0 0 0 0 0 0 0 0 0 0 0 0 0 0 0 0 0 0 0 0 0 0 0 0 0 0 0 0 0 0 0 0 0 0 0 0 0 0 0 0 0 0 0 0 0 0 0 0 0 0 0 0 0 0 0 0 0 0 0 0 0 0 0 0 0 0 0 0 0 0 0 0 0 0 0 0 0 0 0 0 0 0 0 0 0 0 0 0 0 0 0 0 0 0 0 0 0 0 0 0 0 0 0 0 0 0 0 0 0 0 0 0 0 0 0 0 0 0 0 0 0 0 0 0 0 0 0 0 0 0 0 0 0 0 0 0 0 0 0 0 0 0 0 0 0 0 0 56 54 0 0 0 0 0 0 0 0 0 0 0 0 0 0 0 0 0 0 0 0 3802952 0 48
ctxt 7607711
btime 1592793667
processes 28289
procs_running 1
procs_blocked 0
softirq 8372923 1 1879361 35958 3508012 0 0 31376 1275100 0 1643115
cpu  44781 579 61924 6378380 9220 9068 9489 0 0 0
cpu0 11161 443 17265 1585558 2251 6034 4416 0 0 0
cpu1 12224 6 15409 1594495 2215 1135 2542 0 0 0
cpu2 10555 101 14789 1599033 2437 979 1275 0 0 0
cpu3 10840 28 14460 1599293 2317 918 1256 0 0 0
intr 12511830 0 0 0 0 0 0 0 0 0 979224 586756 358132 348923 551 0 0 0 0 0 0 0 0 0 0 0 0 1088 0 0 0 0 0 0 0 0 0 0 0 0 0 0 0 0 0 0 0 0 0 0 0 0 0 0 0 0 0 0 0 0 0 3 5102 0 28 24 0 0 0 16331 520340 1 0 0 0 0 0 0 0 0 86286 6988 0 0 113 0 3803237 0 0 0 0 23576 0 38489 0 0 0 0 0 0 0 0 0 0 0 0 0 0 0 0 0 0 0 0 0 0 0 0 0 0 0 0 0 0 0 0 0 0 0 0 0 0 0 0 0 0 0 0 0 0 0 0 0 0 0 0 0 0 0 0 0 0 0 0 0 0 0 0 0 0 0 0 0 0 0 0 0 0 0 0 0 0 0 0 0 0 0 0 0 0 0 0 0 0 0 0 0 0 0 0 0 0 0 0 0 0 0 0 0 0 0 0 0 0 0 0 0 0 0 0 0 0 0 0 0 0 0 0 0 0 0 0 0 0 0 0 0 0 0 0 0 0 0 0 0 0 0 0 0 0 0 0 0 0 0 0 0 0 0 0 0 0 0 0 0 0 0 0 0 0 0 0 0 0 0 0 0 0 0 0 0 0 0 0 0 0 0 0 0 0 0 0 0 0 0 0 0 0 0 0 0 0 0 0 0 0 0 0 0 0 0 0 0 0 0 0 0 0 0 0 0 0 0 0 0 0 0 0 0 0 0 0 0 0 0 0 0 0 0 0 0 0 0 0 0 0 0 0 0 0 0 0 0 0 0 0 0 0 0 0 0 0 0 0 0 0 0 0 0 0 0 0 0 0 0 0 0 0 0 0 0 0 0 0 0 0 0 0 0 0 0 0 0 0 0 56 54 0 0 0 0 0 0 0 0 0 0 0 0 0 0 0 0 0 0 0 0 3803192 0 48
ctxt 7608416
btime 1592793667
processes 28296
procs_running 1
procs_blocked 0
softirq 8373797 1 1879580 35967 3508234 0 0 31384 1275253 0 1643378
