Linux 4.9.140-tegra (nick-desktop) 	廿廿年六月廿二日 	_aarch64_	(4 CPU)

十六時49分廿四秒  CPU    %usr   %nice    %sys %iowait    %irq   %soft  %steal  %guest  %gnice   %idle
十六時49分廿五秒    0    0.00    0.00    0.00    0.00    0.00    0.00    0.00    0.00    0.00  100.00
十六時49分廿五秒    1    0.00    0.00    0.00    0.00    0.00    0.00    0.00    0.00    0.00  100.00
十六時49分廿五秒    2    0.00    0.00    0.00    0.00    0.00    0.00    0.00    0.00    0.00  100.00
十六時49分廿五秒    3    0.00    0.00    2.02    0.00    0.00    0.00    0.00    0.00    0.00   97.98

十六時49分廿五秒  CPU    %usr   %nice    %sys %iowait    %irq   %soft  %steal  %guest  %gnice   %idle
十六時49分廿六秒    0    0.00    0.00    0.00    0.00    0.00    0.00    0.00    0.00    0.00  100.00
十六時49分廿六秒    1    0.00    0.00    0.00    0.00    0.00    0.00    0.00    0.00    0.00  100.00
十六時49分廿六秒    2    0.00    0.00    0.00    0.00    0.00    0.00    0.00    0.00    0.00  100.00
十六時49分廿六秒    3    0.00    0.00    0.00    0.00    0.00    0.00    0.00    0.00    0.00  100.00

十六時49分廿六秒  CPU    %usr   %nice    %sys %iowait    %irq   %soft  %steal  %guest  %gnice   %idle
十六時49分廿七秒    0    0.00    0.00    0.00    0.00    0.00    0.00    0.00    0.00    0.00  100.00
十六時49分廿七秒    1    0.00    0.00    0.00    0.00    0.00    0.00    0.00    0.00    0.00  100.00
十六時49分廿七秒    2    0.00    0.00    0.00    0.00    0.00    0.00    0.00    0.00    0.00  100.00
十六時49分廿七秒    3    0.00    0.00    0.00    0.00    0.00    0.00    0.00    0.00    0.00  100.00

十六時49分廿七秒  CPU    %usr   %nice    %sys %iowait    %irq   %soft  %steal  %guest  %gnice   %idle
十六時49分廿八秒    0    0.00    0.00    0.00    0.00    0.99    0.00    0.00    0.00    0.00   99.01
十六時49分廿八秒    1    0.00    0.00    0.00    0.00    0.00    0.00    0.00    0.00    0.00  100.00
十六時49分廿八秒    2    0.00    0.00    0.00    0.00    0.00    0.00    0.00    0.00    0.00  100.00
十六時49分廿八秒    3    1.98    0.00    0.99    0.00    0.00    0.99    0.00    0.00    0.00   96.04

十六時49分廿八秒  CPU    %usr   %nice    %sys %iowait    %irq   %soft  %steal  %guest  %gnice   %idle
十六時49分廿九秒    0    0.00    0.00    0.00    0.00    0.00    0.00    0.00    0.00    0.00  100.00
十六時49分廿九秒    1    0.00    0.00    0.00    0.99    0.00    0.00    0.00    0.00    0.00   99.01
十六時49分廿九秒    2    0.00    0.00    0.00    0.00    0.00    0.00    0.00    0.00    0.00  100.00
十六時49分廿九秒    3    0.00    0.00    0.00    0.00    0.00    0.00    0.00    0.00    0.00  100.00

十六時49分廿九秒  CPU    %usr   %nice    %sys %iowait    %irq   %soft  %steal  %guest  %gnice   %idle
十六時49分卅秒    0    0.00    0.00    0.00    0.00    0.00    0.00    0.00    0.00    0.00  100.00
十六時49分卅秒    1    0.00    0.00    0.00    0.00    0.00    0.00    0.00    0.00    0.00  100.00
十六時49分卅秒    2    0.00    0.00    0.00    0.00    0.00    0.00    0.00    0.00    0.00  100.00
十六時49分卅秒    3    0.00    0.00    0.00    0.00    0.00    0.00    0.00    0.00    0.00  100.00

十六時49分卅秒  CPU    %usr   %nice    %sys %iowait    %irq   %soft  %steal  %guest  %gnice   %idle
十六時49分卅一秒    0    0.00    0.00    0.00    0.00    0.00    0.00    0.00    0.00    0.00  100.00
十六時49分卅一秒    1    0.00    0.00    0.00    0.00    0.00    0.00    0.00    0.00    0.00  100.00
十六時49分卅一秒    2    0.00    0.00    0.00    0.00    0.00    0.00    0.00    0.00    0.00  100.00
十六時49分卅一秒    3    0.00    0.00    2.02    0.00    0.00    0.00    0.00    0.00    0.00   97.98

十六時49分卅一秒  CPU    %usr   %nice    %sys %iowait    %irq   %soft  %steal  %guest  %gnice   %idle
十六時49分32秒    0    0.00    0.00    0.00    0.00    0.00    1.00    0.00    0.00    0.00   99.00
十六時49分32秒    1    0.00    0.00    0.00    0.00    0.00    0.00    0.00    0.00    0.00  100.00
十六時49分32秒    2    0.00    0.00    0.00    0.00    0.00    0.00    0.00    0.00    0.00  100.00
十六時49分32秒    3    0.00    0.00    1.00    0.00    0.00    0.00    0.00    0.00    0.00   99.00

十六時49分32秒  CPU    %usr   %nice    %sys %iowait    %irq   %soft  %steal  %guest  %gnice   %idle
十六時49分33秒    0    3.00    0.00    7.00    0.00    3.00    0.00    0.00    0.00    0.00   87.00
十六時49分33秒    1   40.00    0.00   28.00    0.00    0.00    1.00    0.00    0.00    0.00   31.00
十六時49分33秒    2    9.18    0.00    9.18    0.00    0.00    0.00    0.00    0.00    0.00   81.63
十六時49分33秒    3   11.22    0.00    5.10    0.00    0.00    0.00    0.00    0.00    0.00   83.67

十六時49分33秒  CPU    %usr   %nice    %sys %iowait    %irq   %soft  %steal  %guest  %gnice   %idle
十六時49分34秒    0    0.00    0.00    2.00    0.00    1.00    0.00    0.00    0.00    0.00   97.00
十六時49分34秒    1   76.00    0.00   24.00    0.00    0.00    0.00    0.00    0.00    0.00    0.00
十六時49分34秒    2    0.00    0.00    2.04    0.00    0.00    0.00    0.00    0.00    0.00   97.96
十六時49分34秒    3    0.99    0.00    5.94    0.00    0.99    0.00    0.00    0.00    0.00   92.08

十六時49分34秒  CPU    %usr   %nice    %sys %iowait    %irq   %soft  %steal  %guest  %gnice   %idle
十六時49分35秒    0    0.00    0.00    0.00    0.00    2.08    0.00    0.00    0.00    0.00   97.92
十六時49分35秒    1   64.00    0.00   35.00    0.00    1.00    0.00    0.00    0.00    0.00    0.00
十六時49分35秒    2    1.00    0.00    3.00    0.00    0.00    0.00    0.00    0.00    0.00   96.00
十六時49分35秒    3    0.00    0.00    3.06    0.00    0.00    0.00    0.00    0.00    0.00   96.94

十六時49分35秒  CPU    %usr   %nice    %sys %iowait    %irq   %soft  %steal  %guest  %gnice   %idle
十六時49分36秒    0   59.41    0.00   26.73    0.00    3.96    0.99    0.00    0.00    0.00    8.91
十六時49分36秒    1    6.19    0.00   13.40    0.00    0.00    0.00    0.00    0.00    0.00   80.41
十六時49分36秒    2    0.00    0.00    6.06    0.00    0.00    0.00    0.00    0.00    0.00   93.94
十六時49分36秒    3    0.00    0.00    6.00    0.00    0.00    0.00    0.00    0.00    0.00   94.00

十六時49分36秒  CPU    %usr   %nice    %sys %iowait    %irq   %soft  %steal  %guest  %gnice   %idle
十六時49分37秒    0   18.37    0.00   13.27    0.00    3.06    0.00    0.00    0.00    0.00   65.31
十六時49分37秒    1    5.94    0.00   11.88    0.00    0.00    0.00    0.00    0.00    0.00   82.18
十六時49分37秒    2   26.53    0.00   11.22    0.00    0.00    0.00    0.00    0.00    0.00   62.24
十六時49分37秒    3    1.01    0.00    9.09    0.00    0.00    0.00    0.00    0.00    0.00   89.90

十六時49分37秒  CPU    %usr   %nice    %sys %iowait    %irq   %soft  %steal  %guest  %gnice   %idle
十六時49分38秒    0   13.40    0.00   14.43    0.00    1.03    1.03    0.00    0.00    0.00   70.10
十六時49分38秒    1   14.14    0.00   16.16    0.00    0.00    1.01    0.00    0.00    0.00   68.69
十六時49分38秒    2   11.88    0.00   13.86    0.00    0.99    0.99    0.00    0.00    0.00   72.28
十六時49分38秒    3   10.10    0.00   22.22    0.00    0.00    0.00    0.00    0.00    0.00   67.68

十六時49分38秒  CPU    %usr   %nice    %sys %iowait    %irq   %soft  %steal  %guest  %gnice   %idle
十六時49分39秒    0    5.00    0.00    6.00    0.00    3.00    0.00    0.00    0.00    0.00   86.00
十六時49分39秒    1    7.07    0.00   11.11    0.00    1.01    0.00    0.00    0.00    0.00   80.81
十六時49分39秒    2    6.00    0.00    7.00    1.00    0.00    0.00    0.00    0.00    0.00   86.00
十六時49分39秒    3   10.10    0.00    7.07    0.00    0.00    1.01    0.00    0.00    0.00   81.82

十六時49分39秒  CPU    %usr   %nice    %sys %iowait    %irq   %soft  %steal  %guest  %gnice   %idle
十六時49分40秒    0    8.08    0.00    6.06    0.00    2.02    1.01    0.00    0.00    0.00   82.83
十六時49分40秒    1   12.12    0.00   11.11    0.00    0.00    1.01    0.00    0.00    0.00   75.76
十六時49分40秒    2    5.00    0.00    6.00    0.00    0.00    1.00    0.00    0.00    0.00   88.00
十六時49分40秒    3    6.12    0.00    8.16    0.00    0.00    0.00    0.00    0.00    0.00   85.71

十六時49分40秒  CPU    %usr   %nice    %sys %iowait    %irq   %soft  %steal  %guest  %gnice   %idle
十六時49分41秒    0    5.94    0.00    6.93    0.00    1.98    0.00    0.00    0.00    0.00   85.15
十六時49分41秒    1   15.62    0.00   10.42    0.00    0.00    0.00    0.00    0.00    0.00   73.96
十六時49分41秒    2    5.00    0.00    7.00    0.00    0.00    0.00    0.00    0.00    0.00   88.00
十六時49分41秒    3    3.06    0.00    6.12    0.00    1.02    0.00    0.00    0.00    0.00   89.80

十六時49分41秒  CPU    %usr   %nice    %sys %iowait    %irq   %soft  %steal  %guest  %gnice   %idle
十六時49分42秒    0    7.14    0.00    5.10    0.00    2.04    1.02    0.00    0.00    0.00   84.69
十六時49分42秒    1    8.16    0.00   12.24    0.00    0.00    0.00    0.00    0.00    0.00   79.59
十六時49分42秒    2    5.00    0.00    7.00    0.00    0.00    0.00    0.00    0.00    0.00   88.00
十六時49分42秒    3    9.80    0.00    5.88    0.00    0.00    0.98    0.00    0.00    0.00   83.33

十六時49分42秒  CPU    %usr   %nice    %sys %iowait    %irq   %soft  %steal  %guest  %gnice   %idle
十六時49分43秒    0    4.04    0.00    4.04    0.00    3.03    1.01    0.00    0.00    0.00   87.88
十六時49分43秒    1    5.88    0.00   15.69    0.00    0.98    0.98    0.00    0.00    0.00   76.47
十六時49分43秒    2   12.24    0.00    5.10    0.00    1.02    1.02    0.00    0.00    0.00   80.61
十六時49分43秒    3    4.26    0.00    5.32    0.00    0.00    0.00    0.00    0.00    0.00   90.43

十六時49分43秒  CPU    %usr   %nice    %sys %iowait    %irq   %soft  %steal  %guest  %gnice   %idle
十六時49分44秒    0    3.03    0.00    7.07    0.00    2.02    0.00    0.00    0.00    0.00   87.88
十六時49分44秒    1   14.29    0.00   12.24    0.00    0.00    0.00    0.00    0.00    0.00   73.47
十六時49分44秒    2    5.10    0.00    6.12    0.00    0.00    0.00    0.00    0.00    0.00   88.78
十六時49分44秒    3    3.96    0.00    7.92    0.99    0.00    0.99    0.00    0.00    0.00   86.14

十六時49分44秒  CPU    %usr   %nice    %sys %iowait    %irq   %soft  %steal  %guest  %gnice   %idle
十六時49分45秒    0    5.94    0.00    6.93    0.00    2.97    0.99    0.00    0.00    0.00   83.17
十六時49分45秒    1    8.25    0.00   10.31    0.00    0.00    1.03    0.00    0.00    0.00   80.41
十六時49分45秒    2    6.00    0.00    7.00    0.00    0.00    0.00    0.00    0.00    0.00   87.00
十六時49分45秒    3    7.29    0.00    4.17    0.00    1.04    0.00    0.00    0.00    0.00   87.50

十六時49分45秒  CPU    %usr   %nice    %sys %iowait    %irq   %soft  %steal  %guest  %gnice   %idle
十六時49分46秒    0    8.00    0.00    7.00    0.00    2.00    1.00    0.00    0.00    0.00   82.00
十六時49分46秒    1   13.86    0.00   11.88    0.00    0.00    0.00    0.00    0.00    0.00   74.26
十六時49分46秒    2    6.93    0.00    7.92    0.00    0.00    0.99    0.00    0.00    0.00   84.16
十六時49分46秒    3    3.03    0.00    9.09    0.00    0.00    0.00    0.00    0.00    0.00   87.88

十六時49分46秒  CPU    %usr   %nice    %sys %iowait    %irq   %soft  %steal  %guest  %gnice   %idle
十六時49分47秒    0    6.12    0.00    4.08    0.00    2.04    1.02    0.00    0.00    0.00   86.73
十六時49分47秒    1    6.06    0.00   11.11    0.00    1.01    1.01    0.00    0.00    0.00   80.81
十六時49分47秒    2   10.78    0.00    4.90    0.00    0.98    0.00    0.00    0.00    0.00   83.33
十六時49分47秒    3    5.10    0.00    8.16    0.00    0.00    1.02    0.00    0.00    0.00   85.71

十六時49分47秒  CPU    %usr   %nice    %sys %iowait    %irq   %soft  %steal  %guest  %gnice   %idle
十六時49分48秒    0    7.07    0.00    3.03    0.00    2.02    0.00    0.00    0.00    0.00   87.88
十六時49分48秒    1   10.42    0.00   10.42    0.00    0.00    0.00    0.00    0.00    0.00   79.17
十六時49分48秒    2   11.22    0.00    5.10    0.00    0.00    0.00    0.00    0.00    0.00   83.67
十六時49分48秒    3    5.00    0.00    8.00    0.00    0.00    0.00    0.00    0.00    0.00   87.00

十六時49分48秒  CPU    %usr   %nice    %sys %iowait    %irq   %soft  %steal  %guest  %gnice   %idle
十六時49分49秒    0    6.93    0.00    5.94    0.00    2.97    0.99    0.00    0.00    0.00   83.17
十六時49分49秒    1   12.00    0.00   11.00    0.00    0.00    0.00    0.00    0.00    0.00   77.00
十六時49分49秒    2    5.05    0.00    7.07    0.00    0.00    1.01    0.00    0.00    0.00   86.87
十六時49分49秒    3    5.94    0.00    8.91    0.00    0.99    0.00    0.00    0.00    0.00   84.16

十六時49分49秒  CPU    %usr   %nice    %sys %iowait    %irq   %soft  %steal  %guest  %gnice   %idle
十六時49分50秒    0    4.12    0.00    4.12    0.00    2.06    0.00    0.00    0.00    0.00   89.69
十六時49分50秒    1    8.08    0.00   13.13    0.00    0.00    1.01    0.00    0.00    0.00   77.78
十六時49分50秒    2   11.22    0.00    6.12    0.00    0.00    0.00    0.00    0.00    0.00   82.65
十六時49分50秒    3    3.06    0.00    6.12    0.00    0.00    1.02    0.00    0.00    0.00   89.80

十六時49分50秒  CPU    %usr   %nice    %sys %iowait    %irq   %soft  %steal  %guest  %gnice   %idle
十六時49分51秒    0    3.03    0.00    6.06    0.00    2.02    1.01    0.00    0.00    0.00   87.88
十六時49分51秒    1    5.21    0.00    9.38    0.00    1.04    0.00    0.00    0.00    0.00   84.38
十六時49分51秒    2   17.17    0.00    4.04    0.00    1.01    0.00    0.00    0.00    0.00   77.78
十六時49分51秒    3    3.09    0.00    6.19    0.00    0.00    0.00    0.00    0.00    0.00   90.72

十六時49分51秒  CPU    %usr   %nice    %sys %iowait    %irq   %soft  %steal  %guest  %gnice   %idle
十六時49分52秒    0    3.96    0.00    4.95    0.00    2.97    0.99    0.00    0.00    0.00   87.13
十六時49分52秒    1   13.46    0.00   15.38    0.00    0.00    0.96    0.00    0.00    0.00   70.19
十六時49分52秒    2    4.04    0.00    8.08    0.00    0.00    1.01    0.00    0.00    0.00   86.87
十六時49分52秒    3    6.12    0.00    7.14    0.00    0.00    1.02    0.00    0.00    0.00   85.71

十六時49分52秒  CPU    %usr   %nice    %sys %iowait    %irq   %soft  %steal  %guest  %gnice   %idle
十六時49分53秒    0    4.12    0.00    4.12    0.00    2.06    0.00    0.00    0.00    0.00   89.69
十六時49分53秒    1   11.22    0.00   11.22    0.00    0.00    0.00    0.00    0.00    0.00   77.55
十六時49分53秒    2    6.06    0.00    9.09    0.00    0.00    0.00    0.00    0.00    0.00   84.85
十六時49分53秒    3    6.12    0.00    6.12    0.00    1.02    0.00    0.00    0.00    0.00   86.73

十六時49分53秒  CPU    %usr   %nice    %sys %iowait    %irq   %soft  %steal  %guest  %gnice   %idle
十六時49分54秒    0    3.06    0.00    5.10    0.00    2.04    1.02    0.00    0.00    0.00   88.78
十六時49分54秒    1   14.85    0.00   10.89    0.00    0.00    0.99    0.00    0.00    0.00   73.27
十六時49分54秒    2    9.90    0.00    7.92    0.00    0.00    0.00    0.00    0.00    0.00   82.18
十六時49分54秒    3    3.12    0.00    5.21    0.00    0.00    0.00    0.00    0.00    0.00   91.67

十六時49分54秒  CPU    %usr   %nice    %sys %iowait    %irq   %soft  %steal  %guest  %gnice   %idle
十六時49分55秒    0    1.01    0.00    8.08    0.00    2.02    1.01    0.00    0.00    0.00   87.88
十六時49分55秒    1    7.07    0.00   10.10    0.00    1.01    0.00    0.00    0.00    0.00   81.82
十六時49分55秒    2   11.88    0.00    8.91    0.00    0.99    0.99    0.00    0.00    0.00   77.23
十六時49分55秒    3    3.16    0.00    6.32    0.00    0.00    1.05    0.00    0.00    0.00   89.47

十六時49分55秒  CPU    %usr   %nice    %sys %iowait    %irq   %soft  %steal  %guest  %gnice   %idle
十六時49分56秒    0    4.12    0.00    4.12    0.00    3.09    0.00    0.00    0.00    0.00   88.66
十六時49分56秒    1   16.49    0.00    8.25    0.00    0.00    0.00    0.00    0.00    0.00   75.26
十六時49分56秒    2    9.00    0.00    7.00    0.00    0.00    0.00    0.00    0.00    0.00   84.00
十六時49分56秒    3    6.06    0.00    6.06    0.00    0.00    0.00    0.00    0.00    0.00   87.88

十六時49分56秒  CPU    %usr   %nice    %sys %iowait    %irq   %soft  %steal  %guest  %gnice   %idle
十六時49分57秒    0    4.90    0.00    7.84    0.00    1.96    0.98    0.00    0.00    0.00   84.31
十六時49分57秒    1   12.00    0.00   14.00    0.00    0.00    1.00    0.00    0.00    0.00   73.00
十六時49分57秒    2    4.00    0.00    8.00    0.00    0.00    0.00    0.00    0.00    0.00   88.00
十六時49分57秒    3    6.00    0.00    7.00    0.00    1.00    0.00    0.00    0.00    0.00   86.00

十六時49分57秒  CPU    %usr   %nice    %sys %iowait    %irq   %soft  %steal  %guest  %gnice   %idle
十六時49分58秒    0    2.04    0.00    6.12    0.00    3.06    1.02    0.00    0.00    0.00   87.76
十六時49分58秒    1   11.22    0.00   12.24    0.00    0.00    0.00    0.00    0.00    0.00   76.53
十六時49分58秒    2    5.15    0.00    7.22    0.00    0.00    1.03    0.00    0.00    0.00   86.60
十六時49分58秒    3    7.14    0.00    6.12    0.00    0.00    1.02    0.00    0.00    0.00   85.71

十六時49分58秒  CPU    %usr   %nice    %sys %iowait    %irq   %soft  %steal  %guest  %gnice   %idle
十六時49分59秒    0    4.12    0.00    4.12    0.00    2.06    1.03    0.00    0.00    0.00   88.66
十六時49分59秒    1   11.88    0.00   11.88    0.00    0.00    0.99    0.00    0.00    0.00   75.25
十六時49分59秒    2    5.15    0.00    3.09    0.00    1.03    0.00    0.00    0.00    0.00   90.72
十六時49分59秒    3    8.08    0.00    7.07    0.00    0.00    0.00    0.00    0.00    0.00   84.85

十六時49分59秒  CPU    %usr   %nice    %sys %iowait    %irq   %soft  %steal  %guest  %gnice   %idle
十六時50分〇秒    0    7.92    0.00    7.92    0.00    1.98    0.99    0.00    0.00    0.00   81.19
十六時50分〇秒    1    5.05    0.00   12.12    0.00    1.01    0.00    0.00    0.00    0.00   81.82
十六時50分〇秒    2    5.10    0.00    6.12    0.00    0.00    0.00    0.00    0.00    0.00   88.78
十六時50分〇秒    3   12.87    0.00    5.94    0.00    0.00    0.99    0.00    0.00    0.00   80.20

十六時50分〇秒  CPU    %usr   %nice    %sys %iowait    %irq   %soft  %steal  %guest  %gnice   %idle
十六時50分一秒    0   10.42    0.00    5.21    0.00    2.08    0.00    0.00    0.00    0.00   82.29
十六時50分一秒    1    5.15    0.00   11.34    0.00    0.00    1.03    0.00    0.00    0.00   82.47
十六時50分一秒    2    5.05    0.00    6.06    0.00    0.00    1.01    0.00    0.00    0.00   87.88
十六時50分一秒    3    8.08    0.00    5.05    0.00    1.01    0.00    0.00    0.00    0.00   85.86

十六時50分一秒  CPU    %usr   %nice    %sys %iowait    %irq   %soft  %steal  %guest  %gnice   %idle
十六時50分二秒    0   12.12    0.00    8.08    0.00    2.02    1.01    0.00    0.00    0.00   76.77
十六時50分二秒    1    3.92    0.00   14.71    0.00    0.00    0.00    0.00    0.00    0.00   81.37
十六時50分二秒    2    7.14    0.00    5.10    0.00    0.00    0.00    0.00    0.00    0.00   87.76
十六時50分二秒    3    6.12    0.00    4.08    0.00    0.00    0.00    0.00    0.00    0.00   89.80

十六時50分二秒  CPU    %usr   %nice    %sys %iowait    %irq   %soft  %steal  %guest  %gnice   %idle
十六時50分三秒    0    6.12    0.00    3.06    0.00    3.06    0.00    0.00    0.00    0.00   87.76
十六時50分三秒    1   13.13    0.00   11.11    0.00    0.00    0.00    0.00    0.00    0.00   75.76
十六時50分三秒    2    6.19    0.00    5.15    0.00    1.03    0.00    0.00    0.00    0.00   87.63
十六時50分三秒    3    2.11    0.00    5.26    0.00    0.00    1.05    0.00    0.00    0.00   91.58

十六時50分三秒  CPU    %usr   %nice    %sys %iowait    %irq   %soft  %steal  %guest  %gnice   %idle
十六時50分四秒    0    6.00    0.00    6.00    0.00    2.00    1.00    0.00    0.00    0.00   85.00
十六時50分四秒    1    6.06    0.00   15.15    0.00    1.01    1.01    0.00    0.00    0.00   76.77
十六時50分四秒    2    9.80    0.00    5.88    0.00    0.00    0.98    0.00    0.00    0.00   83.33
十六時50分四秒    3    6.93    0.00    9.90    0.00    0.00    0.00    0.00    0.00    0.00   83.17

十六時50分四秒  CPU    %usr   %nice    %sys %iowait    %irq   %soft  %steal  %guest  %gnice   %idle
十六時50分五秒    0    2.04    0.00    6.12    0.00    2.04    1.02    0.00    0.00    0.00   88.78
十六時50分五秒    1    3.96    0.00   15.84    0.00    0.00    0.00    0.00    0.00    0.00   80.20
十六時50分五秒    2   12.37    0.00    8.25    0.00    0.00    0.00    0.00    0.00    0.00   79.38
十六時50分五秒    3    2.06    0.00    7.22    0.00    1.03    0.00    0.00    0.00    0.00   89.69

十六時50分五秒  CPU    %usr   %nice    %sys %iowait    %irq   %soft  %steal  %guest  %gnice   %idle
十六時50分六秒    0    4.08    0.00    3.06    0.00    3.06    0.00    0.00    0.00    0.00   89.80
十六時50分六秒    1   15.00    0.00   14.00    0.00    0.00    1.00    0.00    0.00    0.00   70.00
十六時50分六秒    2    2.02    0.00    8.08    0.00    0.00    0.00    0.00    0.00    0.00   89.90
十六時50分六秒    3    3.06    0.00    7.14    0.00    0.00    1.02    0.00    0.00    0.00   88.78

十六時50分六秒  CPU    %usr   %nice    %sys %iowait    %irq   %soft  %steal  %guest  %gnice   %idle
十六時50分七秒    0    5.05    0.00    5.05    0.00    2.02    1.01    0.00    0.00    0.00   86.87
十六時50分七秒    1   16.33    0.00   10.20    0.00    0.00    0.00    0.00    0.00    0.00   73.47
十六時50分七秒    2    3.96    0.00    8.91    0.00    0.99    0.99    0.00    0.00    0.00   85.15
十六時50分七秒    3    6.19    0.00    6.19    0.00    0.00    0.00    0.00    0.00    0.00   87.63

十六時50分七秒  CPU    %usr   %nice    %sys %iowait    %irq   %soft  %steal  %guest  %gnice   %idle
十六時50分八秒    0    3.96    0.00    5.94    0.00    1.98    0.99    0.00    0.00    0.00   87.13
十六時50分八秒    1   13.86    0.00    9.90    0.00    0.99    0.00    0.00    0.00    0.00   75.25
十六時50分八秒    2    6.00    0.00    7.00    0.00    0.00    0.00    0.00    0.00    0.00   87.00
十六時50分八秒    3    9.28    0.00    5.15    0.00    0.00    0.00    0.00    0.00    0.00   85.57

十六時50分八秒  CPU    %usr   %nice    %sys %iowait    %irq   %soft  %steal  %guest  %gnice   %idle
十六時50分九秒    0    3.09    0.00    4.12    0.00    2.06    0.00    0.00    0.00    0.00   90.72
十六時50分九秒    1    9.28    0.00   11.34    0.00    0.00    1.03    0.00    0.00    0.00   78.35
十六時50分九秒    2    6.12    0.00    5.10    0.00    0.00    1.02    0.00    0.00    0.00   87.76
十六時50分九秒    3    6.80    0.00    9.71    0.00    0.97    0.97    0.00    0.00    0.00   81.55

十六時50分九秒  CPU    %usr   %nice    %sys %iowait    %irq   %soft  %steal  %guest  %gnice   %idle
十六時50分十秒    0    5.05    0.00    4.04    0.00    3.03    1.01    0.00    0.00    0.00   86.87
十六時50分十秒    1    6.25    0.00   13.54    0.00    0.00    0.00    0.00    0.00    0.00   80.21
十六時50分十秒    2    9.09    0.00    7.07    0.00    0.00    0.00    0.00    0.00    0.00   83.84
十六時50分十秒    3    7.14    0.00    9.18    0.00    0.00    0.00    0.00    0.00    0.00   83.67

十六時50分十秒  CPU    %usr   %nice    %sys %iowait    %irq   %soft  %steal  %guest  %gnice   %idle
十六時50分十一秒    0    4.95    0.00    6.93    0.00    1.98    0.99    0.00    0.00    0.00   85.15
十六時50分十一秒    1    7.92    0.00   12.87    0.00    0.00    0.99    0.00    0.00    0.00   78.22
十六時50分十一秒    2    3.06    0.00    5.10    0.00    1.02    0.00    0.00    0.00    0.00   90.82
十六時50分十一秒    3   13.13    0.00    5.05    0.00    0.00    1.01    0.00    0.00    0.00   80.81

十六時50分十一秒  CPU    %usr   %nice    %sys %iowait    %irq   %soft  %steal  %guest  %gnice   %idle
十六時50分十二秒    0    9.28    0.00    4.12    0.00    2.06    1.03    0.00    0.00    0.00   83.51
十六時50分十二秒    1   10.10    0.00   11.11    0.00    1.01    0.00    0.00    0.00    0.00   77.78
十六時50分十二秒    2    5.10    0.00    4.08    0.00    0.00    1.02    0.00    0.00    0.00   89.80
十六時50分十二秒    3    6.00    0.00    7.00    0.00    0.00    0.00    0.00    0.00    0.00   87.00

十六時50分十二秒  CPU    %usr   %nice    %sys %iowait    %irq   %soft  %steal  %guest  %gnice   %idle
十六時50分十三秒    0    3.00    0.00    9.00    0.00    3.00    0.00    0.00    0.00    0.00   85.00
十六時50分十三秒    1    5.94    0.00   13.86    0.00    0.00    0.99    0.00    0.00    0.00   79.21
十六時50分十三秒    2    4.12    0.00    8.25    0.00    0.00    0.00    0.00    0.00    0.00   87.63
十六時50分十三秒    3    7.29    0.00    6.25    0.00    1.04    0.00    0.00    0.00    0.00   85.42

十六時50分十三秒  CPU    %usr   %nice    %sys %iowait    %irq   %soft  %steal  %guest  %gnice   %idle
十六時50分十四秒    0    4.08    0.00    6.12    0.00    2.04    1.02    0.00    0.00    0.00   86.73
十六時50分十四秒    1   11.00    0.00   16.00    0.00    0.00    0.00    0.00    0.00    0.00   73.00
十六時50分十四秒    2    4.17    0.00    6.25    0.00    0.00    0.00    0.00    0.00    0.00   89.58
十六時50分十四秒    3    5.00    0.00    7.00    0.00    0.00    1.00    0.00    0.00    0.00   87.00

十六時50分十四秒  CPU    %usr   %nice    %sys %iowait    %irq   %soft  %steal  %guest  %gnice   %idle
十六時50分十五秒    0    3.03    0.00    6.06    0.00    2.02    1.01    0.00    0.00    0.00   87.88
十六時50分十五秒    1    7.07    0.00   14.14    0.00    0.00    0.00    0.00    0.00    0.00   78.79
十六時50分十五秒    2    6.00    0.00    5.00    0.00    1.00    1.00    0.00    0.00    0.00   87.00
十六時50分十五秒    3   10.20    0.00    7.14    0.00    0.00    0.00    0.00    0.00    0.00   82.65

十六時50分十五秒  CPU    %usr   %nice    %sys %iowait    %irq   %soft  %steal  %guest  %gnice   %idle
十六時50分十六秒    0    2.04    0.00    4.08    0.00    1.02    0.00    0.00    0.00    0.00   92.86
十六時50分十六秒    1    5.94    0.00    5.94    0.00    0.00    0.99    0.00    0.00    0.00   87.13
十六時50分十六秒    2    4.08    0.00    2.04    0.00    0.00    0.00    0.00    0.00    0.00   93.88
十六時50分十六秒    3   28.71    0.00    7.92    0.00    0.00    0.00    0.00    0.00    0.00   63.37

十六時50分十六秒  CPU    %usr   %nice    %sys %iowait    %irq   %soft  %steal  %guest  %gnice   %idle
十六時50分十七秒    0    0.00    0.00   15.00    0.00    0.00    0.00    0.00    0.00    0.00   85.00
十六時50分十七秒    1    1.01    0.00    9.09    0.00    0.00    0.00    0.00    0.00    0.00   89.90
十六時50分十七秒    2    0.00    0.00    2.02    0.00    0.00    0.00    0.00    0.00    0.00   97.98
十六時50分十七秒    3   17.17    0.00    1.01    0.00    0.00    0.00    0.00    0.00    0.00   81.82

十六時50分十七秒  CPU    %usr   %nice    %sys %iowait    %irq   %soft  %steal  %guest  %gnice   %idle
十六時50分十八秒    0    0.00    0.00    0.00    0.00    1.00    0.00    0.00    0.00    0.00   99.00
十六時50分十八秒    1    0.00    0.00    0.00    0.00    0.00    0.00    0.00    0.00    0.00  100.00
十六時50分十八秒    2    0.99    0.00    0.00    0.00    0.00    0.00    0.00    0.00    0.00   99.01
十六時50分十八秒    3    0.00    0.00    0.00    0.00    0.00    0.00    0.00    0.00    0.00  100.00

十六時50分十八秒  CPU    %usr   %nice    %sys %iowait    %irq   %soft  %steal  %guest  %gnice   %idle
十六時50分十九秒    0    1.00    0.00    1.00    0.00    0.00    1.00    0.00    0.00    0.00   97.00
十六時50分十九秒    1    0.00    0.00    0.00    0.00    0.00    0.00    0.00    0.00    0.00  100.00
十六時50分十九秒    2    0.00    0.00    0.00    0.00    0.00    0.00    0.00    0.00    0.00  100.00
十六時50分十九秒    3    0.00    0.00    0.00    0.00    0.00    0.00    0.00    0.00    0.00  100.00

十六時50分十九秒  CPU    %usr   %nice    %sys %iowait    %irq   %soft  %steal  %guest  %gnice   %idle
十六時50分廿秒    0    0.00    0.00    0.00    0.00    0.00    0.00    0.00    0.00    0.00  100.00
十六時50分廿秒    1    0.00    0.00    0.98    0.00    0.98    0.00    0.00    0.00    0.00   98.04
十六時50分廿秒    2    0.00    0.00    0.00    0.00    0.00    0.00    0.00    0.00    0.00  100.00
十六時50分廿秒    3    0.00    0.00    0.00    0.00    0.00    0.00    0.00    0.00    0.00  100.00

十六時50分廿秒  CPU    %usr   %nice    %sys %iowait    %irq   %soft  %steal  %guest  %gnice   %idle
十六時50分廿一秒    0    0.00    0.00    0.00    0.00    0.00    0.00    0.00    0.00    0.00  100.00
十六時50分廿一秒    1    0.00    0.00    0.00    0.00    0.00    0.00    0.00    0.00    0.00  100.00
十六時50分廿一秒    2    0.00    0.00    0.00    0.00    0.00    0.00    0.00    0.00    0.00  100.00
十六時50分廿一秒    3    0.00    0.00    0.00    0.00    0.00    0.00    0.00    0.00    0.00  100.00

十六時50分廿一秒  CPU    %usr   %nice    %sys %iowait    %irq   %soft  %steal  %guest  %gnice   %idle
十六時50分廿二秒    0    1.00    0.00    3.00    0.00    0.00    0.00    0.00    0.00    0.00   96.00
十六時50分廿二秒    1    0.00    0.00    0.00    0.00    0.00    0.00    0.00    0.00    0.00  100.00
十六時50分廿二秒    2    0.00    0.00    0.00    0.00    0.00    0.00    0.00    0.00    0.00  100.00
十六時50分廿二秒    3    0.00    0.00    0.00    0.00    0.00    0.00    0.00    0.00    0.00  100.00

十六時50分廿二秒  CPU    %usr   %nice    %sys %iowait    %irq   %soft  %steal  %guest  %gnice   %idle
十六時50分廿三秒    0    0.00    0.00    0.00    0.00    1.00    0.00    0.00    0.00    0.00   99.00
十六時50分廿三秒    1    0.00    0.00    0.00    0.00    0.00    0.00    0.00    0.00    0.00  100.00
十六時50分廿三秒    2    0.00    0.00    0.00    0.00    0.00    0.00    0.00    0.00    0.00  100.00
十六時50分廿三秒    3    0.00    0.00    0.00    0.00    0.00    0.00    0.00    0.00    0.00  100.00

十六時50分廿三秒  CPU    %usr   %nice    %sys %iowait    %irq   %soft  %steal  %guest  %gnice   %idle
十六時50分廿四秒    0    0.00    0.00    0.00    0.00    0.00    0.00    0.00    0.00    0.00  100.00
十六時50分廿四秒    1    0.00    0.00    0.00    0.00    0.00    0.00    0.00    0.00    0.00  100.00
十六時50分廿四秒    2    0.00    0.00    0.99    0.00    0.00    0.00    0.00    0.00    0.00   99.01
十六時50分廿四秒    3    0.00    0.00    0.00    0.00    0.00    0.00    0.00    0.00    0.00  100.00


Average:     CPU    %usr   %nice    %sys %iowait    %irq   %soft  %steal  %guest  %gnice   %idle
Average:       0    4.84    0.00    4.91    0.00    1.73    0.49    0.00    0.00    0.00   88.03
Average:       1    9.64    0.00    9.93    0.02    0.18    0.30    0.00    0.00    0.00   79.93
Average:       2    5.17    0.00    4.85    0.02    0.17    0.24    0.00    0.00    0.00   89.55
Average:       3    4.99    0.00    5.26    0.02    0.17    0.25    0.00    0.00    0.00   89.31
