0.233401
0.273106
0.236146
0.235928
0.264426
0.228032
0.29652
0.259061
0.226551
0.29611
0.225096
0.290227
0.260645
0.303296
0.270725
0.229277
0.299525
0.234478
0.298186
0.266024
0.240069
0.307933
0.274433
0.344818
0.244683
0.272577
0.345665
0.308685
0.275921
0.346787
0.311664
0.270223
0.346637
0.313443
0.281095
0.245762
0.247998
0.249262
0.295596
0.281463
0.284473
0.247352
0.249561
0.314103
0.280658
0.247682
0.333602
0.284692
0.322953
0.283005
0.285224
0.242677
0.32153
0.218675
0.254176
0.256285
0.218392
0.287108
0.262973
0.324746
0.29668
0.262727
0.221322
0.283263
0.288144
0.2561
0.258433
0.247231
0.296425
0.298652
0.259082
0.264363
0.218267
0.224728
0.293551
0.296121
0.219631
0.223819
0.295096
0.262796
0.336621
0.301917
0.263076
0.230808
0.275765
0.336974
0.217208
0.268127
0.235672
0.306431
0.272527
0.229289
0.304366
0.272846
0.236805
0.231305
0.271137
0.342301
0.310957
0.252695
0.252169
0.308895
0.225034
0.245706
0.222749
0.278885
0.281243
0.242452
0.304192
0.306999
0.28458
0.28786
0.249332
0.321069
0.324047
0.281188
0.283568
0.249166
0.251404
0.322276
0.280133
0.250589
0.318316
0.22129
0.253353
0.319143
0.219766
0.235307
0.252208
0.321834
0.223335
0.259318
0.322372
0.289604
0.22069
0.222362
0.29295
0.2604
0.229052
0.295437
0.261543
0.330716
0.295573
0.261087
0.330541
0.297155
0.261974
0.334703
0.29788
0.26463
0.333891
0.300972
0.30315
0.264836
0.224671
0.302941
0.223799
0.338087
0.304971
0.271013
0.342764
0.345016
0.222625
0.275528
0.277729
0.309274
0.275129
0.242848
0.312104
0.277806
0.227546
0.310738
0.229134
0.246284
0.316799
0.279617
0.246098
0.31595
0.229125
0.231315
0.24879
0.251665
0.315425
0.317956
0.284132
0.286343
0.227924
0.230222
0.321922
0.324115
0.286043
0.288441
0.290592
0.254235
0.257043
0.259249
0.272057
0.274208
0.285012
0.287534
0.252979
0.257366
0.260241
0.321716
0.324533
0.326715
0.28907
0.291686
0.257672
0.260109
0.262294
0.323633
0.328671
0.330772
0.289386
0.294005
0.25517
0.258142
0.323353
0.327506
0.289854
0.292719
0.294861
0.257003
0.260402
0.329187
0.332061
0.334493
0.228966
0.231061
0.225689
0.231573
0.327033
0.330464
0.332599
0.293827
0.298039
0.301035
0.226966
0.232338
0.332738
0.337475
0.339707
0.296164
0.300349
0.262478
0.266708
0.268881
0.3338
0.340941
0.226175
0.230077
0.26477
0.268762
0.270988
0.335537
0.345199
0.227046
0.229136
0.266345
0.270596
0.272745
0.335835
0.340267
0.342426
0.228595
0.231743
0.269175
0.274064
0.276536
0.337763
0.342934
0.227993
0.231927
0.233714
0.275391
0.279822
0.339618
0.3434
0.305416
0.308396
0.310892
0.271623
0.278783
0.340086
0.347393
0.309008
0.313226
0.315341
0.230991
0.233265
0.2355
0.342402
0.344985
0.306467
0.313174
0.317817
0.271826
0.276013
0.341574
0.345235
0.306549
0.311026
0.272151
0.276353
0.34071
0.345042
0.347245
0.305362
0.307559
0.311885
0.276897
0.283051
0.288809
0.230514
0.238372
0.308527
0.313683
0.317856
0.275359
0.279612
0.28353
0.271348
0.273514
0.311048
0.31794
0.280714
0.285352
0.288335
0.230199
0.232749
0.234778
0.280066
0.283958
0.34758
0.233738
0.237048
0.281832
0.285384
0.238599
0.242834
0.3173
0.32159
0.290109
0.293088
0.252293
0.257959
0.260143
0.320505
0.325171
0.288003
0.292707
0.263665
0.271139
0.236504
0.239188
0.287081
0.252074
0.321758
0.326011
0.288273
0.232498
0.234888
0.326237
0.329911
0.290923
0.257898
0.234295
0.294041
0.262676
0.327829
0.244436
0.267581
0.333785
0.29654
0.240057
0.331954
0.29874
0.266113
0.333078
0.299038
0.232839
0.335294
0.302351
0.266351
0.334198
0.299647
0.266556
0.334604
0.30337
0.288927
0.338146
0.231664
0.269416
0.337245
0.230625
0.275513
0.344274
0.305699
0.232841
0.307521
0.254094
0.271967
0.232059
