0.278736
0.240412
0.20484
0.333379
0.293488
0.257334
0.32487
0.290725
0.254299
0.213376
0.289233
0.260721
0.226468
0.291095
0.263723
0.334443
0.24061
0.263978
0.344971
0.3011
0.265893
0.333159
0.21432
0.275395
0.222423
0.311051
0.277908
0.225386
0.314569
0.249357
0.318371
0.220469
0.269068
0.324156
0.223854
0.251985
0.32795
0.262301
0.229131
0.296416
0.265076
0.334838
0.268679
0.233377
0.303488
0.238064
0.310592
0.277182
0.246172
0.310559
0.224874
0.244088
0.211314
0.282474
0.22343
0.218817
0.288701
0.255945
0.228134
0.29413
0.260175
0.230142
0.305396
0.265921
0.231497
0.298566
0.235624
0.269449
0.307298
0.279083
0.20545
0.308885
0.275711
0.243811
0.213224
0.248914
0.214489
0.284941
0.219014
0.292531
0.225349
0.227545
0.294222
0.267814
0.273284
0.294262
0.263185
0.330867
0.299558
0.237645
0.335487
0.301563
0.273143
0.239293
0.306741
0.275914
0.310119
0.21644
0.280872
0.230042
0.313119
0.282046
0.248466
0.230305
0.285894
0.254269
0.322983
0.280325
0.258973
0.326745
0.291802
0.259815
0.228718
0.300068
0.265194
0.333583
0.302242
0.267984
0.234821
0.304465
0.207286
0.239715
0.308252
0.232177
0.313894
0.280294
0.236298
0.317171
0.285549
0.256348
0.203186
0.292978
0.253039
0.225107
0.290797
0.259908
0.206887
0.295452
0.262855
0.335587
0.204047
0.26659
0.232059
0.302756
0.268361
0.234583
0.206654
0.342572
0.307019
0.277915
0.244921
0.31037
0.278339
0.352613
0.31733
0.288829
0.353157
0.31995
0.285712
0.237448
0.241335
0.290082
0.328341
0.292928
0.241451
0.356286
0.227293
0.26327
0.337841
0.303534
0.239774
0.241833
0.239244
0.24304
0.24615
0.307886
0.310041
0.284356
0.28732
0.341209
0.344201
0.235508
0.258438
0.275465
0.278939
0.34517
0.348185
0.207008
0.21746
0.222614
0.281322
0.285721
0.290699
0.209772
0.212753
0.221173
0.319181
0.32134
0.212182
0.221565
0.256904
0.320519
0.29134
0.258168
0.210925
0.268679
0.207828
0.209912
0.334813
0.341927
0.298116
0.300291
0.265605
0.267719
0.333744
0.335841
0.302477
0.30462
0.269404
0.280644
0.282748
0.314884
0.323398
0.269266
0.271335
0.34172
0.308896
0.316512
0.245592
0.345563
0.313348
0.28003
0.348634
0.31234
0.281864
0.350709
0.322424
0.28765
0.352118
0.319928
0.244956
0.313655
0.331684
0.291353
0.26007
0.328364
0.296976
0.26459
0.232394
0.236928
0.299788
0.268821
0.234983
0.301972
0.271407
0.238473
0.305594
0.244616
0.341776
0.310909
0.279074
0.345936
0.209995
0.282342
0.246474
0.317241
0.28337
0.212536
0.324921
0.292647
0.252672
0.328047
0.298424
0.267281
0.329825
0.304273
0.267252
0.331575
0.242304
0.2658
0.334136
0.311641
0.282785
0.342343
0.312768
0.274801
0.244839
0.313366
0.249195
0.348607
0.316259
0.219997
0.351738
0.322394
0.283915
0.354627
0.287038
0.291492
0.327167
0.298655
0.333802
0.297057
0.261047
0.333009
0.276878
0.266052
0.233351
0.307196
0.270025
0.344739
0.307491
0.273833
0.342348
0.31383
0.276957
0.350165
0.31356
0.24641
0.356453
0.315064
0.283886
0.352157
0.318556
0.290977
0.305752
0.325486
0.291394
0.25917
0.249571
0.294969
0.262123
0.333195
0.270165
0.267248
0.250512
0.301535
0.268359
0.341286
0.316866
0.274555
0.253063
0.312482
0.250563
0.347985
0.213838
0.350625
0.216058
0.325037
0.290877
0.296438
0.292174
0.249032
0.332698
0.254316
0.334656
0.250057
0.247133
0.266743
0.336641
0.246058
0.268632
0.340931
0.306817
0.272867
0.348019
0.254167
0.279579
0.317491
0.313708
0.278581
0.350217
0.318008
0.285838
0.354102
0.218139
0.288844
0.217202
0.327327
0.217935
0.2589
0.326836
0.21824
0.260233
0.328756
0.296522
0.263496
0.334816
0.21958
0.22928
0.234994
0.3041
0.274757
0.235562
0.303867
