0.00556492805480957 0.015666
0.005461692810058594 0.015104
0.005427360534667969 0.015182
0.005431652069091797 0.015077
0.00544285774230957 0.015052
0.00545048713684082 0.015069
0.005442380905151367 0.015091
0.005409955978393555 0.015090
0.005598783493041992 0.015127
0.005393505096435547 0.015105
0.0054090023040771484 0.015245
0.00539851188659668 0.015123
0.005396366119384766 0.015240
0.005395650863647461 0.015112
0.005838155746459961 0.015178
0.005696296691894531 0.015095
0.00570988655090332 0.015070
0.0057070255279541016 0.015035
0.00568842887878418 0.015085
0.00576019287109375 0.015174
0.005669832229614258 0.015242
0.005888938903808594 0.015118
0.0056989192962646484 0.015236
0.0056383609771728516 0.015294
0.005608797073364258 0.015442
0.0056378841400146484 0.015253
0.0056400299072265625 0.015258
0.0057981014251708984 0.015163
0.005627632141113281 0.015174
0.005628108978271484 0.015173
0.005660295486450195 0.015246
0.005646705627441406 0.015124
0.005618572235107422 0.015186
0.005614280700683594 0.015224
0.005610942840576172 0.015146
0.005304574966430664 0.014933
0.0052852630615234375 0.014928
0.005303382873535156 0.015071
0.005208730697631836 0.015122
0.0052928924560546875 0.015110
0.005285978317260742 0.014986
0.005293130874633789 0.014982
0.005300998687744141 0.014954
0.00524592399597168 0.015046
0.005279541015625 0.015092
0.005292177200317383 0.014929
0.005276679992675781 0.014972
0.005266666412353516 0.014900
0.005254983901977539 0.014906
0.005252838134765625 0.014892
0.005258798599243164 0.014910
0.005265712738037109 0.014869
0.005288600921630859 0.014820
0.0052738189697265625 0.014832
0.00529026985168457 0.014985
0.005288362503051758 0.014835
0.0052738189697265625 0.014828
0.005277872085571289 0.014836
0.005282402038574219 0.014824
0.005280494689941406 0.014816
0.005275726318359375 0.014868
0.005267143249511719 0.014831
0.0052754878997802734 0.014849
0.005285739898681641 0.014818
0.005289316177368164 0.014836
0.005294084548950195 0.014804
0.005276918411254883 0.014817
0.0052797794342041016 0.014812
0.005274295806884766 0.014882
0.0052814483642578125 0.015315
0.005274057388305664 0.017659
0.005285739898681641 0.014830
0.005282163619995117 0.014801
0.0053026676177978516 0.014787
0.0052814483642578125 0.014848
0.00529789924621582 0.014820
0.005281209945678711 0.014805
0.005301475524902344 0.014795
0.005291938781738281 0.014786
0.0053021907806396484 0.014798
0.005276918411254883 0.015025
0.005292654037475586 0.014842
0.005286455154418945 0.014776
0.005289316177368164 0.014852
0.0052950382232666016 0.014805
0.005265712738037109 0.014822
0.005289554595947266 0.014838
0.005309343338012695 0.014905
0.005274772644042969 0.014867
0.005289554595947266 0.014901
0.0052852630615234375 0.014867
0.00529026985168457 0.014909
0.005281209945678711 0.014881
0.005284309387207031 0.014914
0.005299091339111328 0.014758
0.005319356918334961 0.014951
0.005394935607910156 0.014935
0.005321502685546875 0.014838
0.00531768798828125 0.014769
0.00536656379699707 0.014821
0.005326032638549805 0.014943
0.005446434020996094 0.014808
0.005340576171875 0.014796
0.005363941192626953 0.014756
0.005341053009033203 0.014780
0.005335330963134766 0.014782
0.005338907241821289 0.014746
0.0053212642669677734 0.014813
0.005335330963134766 0.014781
0.005327463150024414 0.014844
0.005359172821044922 0.014771
0.005354404449462891 0.014786
0.00535893440246582 0.014748
0.0053675174713134766 0.014756
0.005362033843994141 0.014797
0.005305290222167969 0.014771
0.0053863525390625 0.014818
0.00535130500793457 0.014908
0.0053784847259521484 0.014729
0.005376577377319336 0.014753
0.005411863327026367 0.014918
0.005385875701904297 0.014748
0.005391359329223633 0.014816
0.005370378494262695 0.014800
0.005424022674560547 0.014794
0.005414247512817383 0.014762
0.005407571792602539 0.014766
0.005415201187133789 0.014963
0.005417823791503906 0.014805
0.0054111480712890625 0.014878
0.005433559417724609 0.014751
0.005418062210083008 0.014752
0.005421638488769531 0.014784
0.005414009094238281 0.014849
0.0054361820220947266 0.014723
0.005435466766357422 0.014760
0.00543975830078125 0.014757
0.005434989929199219 0.014875
0.0054547786712646484 0.014757
0.005452394485473633 0.014752
0.005448102951049805 0.014729
0.005446195602416992 0.014762
0.0054514408111572266 0.014728
0.005463838577270508 0.014727
0.0054721832275390625 0.014735
0.005495309829711914 0.014735
0.005494594573974609 0.014762
0.005484580993652344 0.014738
0.00548243522644043 0.014763
0.005491018295288086 0.014747
0.005484342575073242 0.014747
0.005480051040649414 0.014726
0.005499839782714844 0.014751
0.0055048465728759766 0.014720
0.0055162906646728516 0.014756
0.0054967403411865234 0.014843
0.005500316619873047 0.014800
0.0054738521575927734 0.014950
0.0054624080657958984 0.014790
0.005509614944458008 0.014793
0.005524873733520508 0.014798
0.005536079406738281 0.014867
0.0055387020111083984 0.014832
0.005533933639526367 0.014781
0.005555868148803711 0.014807
0.005541324615478516 0.014790
0.005540132522583008 0.014878
0.005533695220947266 0.014778
0.005563020706176758 0.014944
0.0055675506591796875 0.014807
0.0055811405181884766 0.014803
0.005582094192504883 0.014871
0.005571126937866211 0.014787
0.00556635856628418 0.014818
0.005584716796875 0.015017
0.0056095123291015625 0.014804
0.005628347396850586 0.014805
0.005588054656982422 0.014953
0.005612373352050781 0.014862
0.005585908889770508 0.014974
0.005594015121459961 0.015003
0.005749940872192383 0.014853
0.00567626953125 0.014741
0.00567626953125 0.014735
0.00565338134765625 0.014863
0.005702495574951172 0.014735
0.005707979202270508 0.014742
0.005643129348754883 0.014844
0.005711078643798828 0.014742
0.005707979202270508 0.014733
0.0057315826416015625 0.014871
0.005716800689697266 0.014733
0.0057256221771240234 0.014746
0.005746603012084961 0.014704
0.005733013153076172 0.014728
0.005705595016479492 0.014823
0.005769252777099609 0.014704
0.0057506561279296875 0.014726
0.005704402923583984 0.014815
0.005767822265625 0.014911
0.005767107009887695 0.014735
0.005753993988037109 0.014752
0.0057582855224609375 0.014759
0.005753517150878906 0.014791
0.005753040313720703 0.014825
0.005767107009887695 0.014796
0.0057566165924072266 0.014857
0.005781650543212891 0.014797
0.005770683288574219 0.014799
0.005782604217529297 0.014774
0.0057909488677978516 0.014755
0.005795955657958984 0.014774
0.005804777145385742 0.014774
0.005807399749755859 0.014801
0.00580596923828125 0.014852
0.005922555923461914 0.014804
0.005855083465576172 0.014755
0.005831003189086914 0.014837
0.0058100223541259766 0.014833
0.005835056304931641 0.014939
0.005837440490722656 0.014776
0.0058536529541015625 0.014786
0.005873680114746094 0.014779
0.00586700439453125 0.014887
0.005889892578125 0.014748
0.005883693695068359 0.014781
0.005888462066650391 0.014778
0.005895137786865234 0.014774
0.0059010982513427734 0.014760
0.005899667739868164 0.014756
0.005861997604370117 0.014853
0.005918979644775391 0.014822
0.0059201717376708984 0.014780
0.005921125411987305 0.014935
0.005946636199951172 0.014789
0.005947589874267578 0.014753
0.005952119827270508 0.014747
0.00595855712890625 0.014819
0.005975484848022461 0.014769
0.005967617034912109 0.014748
0.005963563919067383 0.014810
0.005975961685180664 0.014750
0.006001472473144531 0.014793
0.006006956100463867 0.014760
0.00599360466003418 0.014754
0.005952596664428711 0.014917
0.0059413909912109375 0.014934
0.005962848663330078 0.014909
0.005957365036010742 0.014905
0.0059642791748046875 0.014902
0.005969524383544922 0.014999
0.005979299545288086 0.014898
0.006005287170410156 0.014883
0.0059947967529296875 0.014898
0.00599980354309082 0.014900
0.00600743293762207 0.014901
0.006018400192260742 0.014914
0.006035804748535156 0.014922
0.00603175163269043 0.014903
0.006036996841430664 0.014905
0.006038665771484375 0.014915
0.006047487258911133 0.014898
0.006052732467651367 0.014923
0.006067752838134766 0.014934
0.006068706512451172 0.014913
0.006072044372558594 0.014902
0.0060863494873046875 0.014910
0.0060901641845703125 0.014902
0.006109714508056641 0.014890
0.006123542785644531 0.014890
0.006135463714599609 0.014924
0.0061261653900146484 0.014884
0.006140708923339844 0.014935
0.006135702133178711 0.014906
0.006136894226074219 0.014927
0.0061490535736083984 0.014958
0.006283998489379883 0.014901
0.0061609745025634766 0.014898
0.006166934967041016 0.014899
0.00617671012878418 0.014913
0.0061948299407958984 0.014865
0.006188869476318359 0.014882
0.0061910152435302734 0.014876
0.00619959831237793 0.014846
0.0061953067779541016 0.014879
0.0061571598052978516 0.014910
0.006146669387817383 0.014899
0.006135702133178711 0.015081
0.0061261653900146484 0.014899
0.006132364273071289 0.014876
0.006117343902587891 0.014853
0.006101846694946289 0.014922
0.006089448928833008 0.014878
0.00606989860534668 0.014910
0.006096363067626953 0.014868
0.0060613155364990234 0.014873
0.0060482025146484375 0.015058
0.0060460567474365234 0.014920
0.006042003631591797 0.014885
0.006019115447998047 0.014897
0.006009101867675781 0.014884
0.006002187728881836 0.014957
0.0059926509857177734 0.014878
0.005979776382446289 0.014902
0.005991935729980469 0.014870
0.005966663360595703 0.014888
0.005953311920166016 0.014873
0.005948066711425781 0.014914
0.005936384201049805 0.014905
0.005928754806518555 0.014868
0.005925178527832031 0.014841
0.005930900573730469 0.014895
0.005910634994506836 0.014903
0.005887031555175781 0.014943
0.005892038345336914 0.014886
0.005877494812011719 0.014915
0.005884885787963867 0.014868
0.005867958068847656 0.014879
0.005883455276489258 0.014888
0.005852460861206055 0.014881
0.005864143371582031 0.014869
0.005841493606567383 0.014868
0.005837678909301758 0.014902
0.005810260772705078 0.014937
0.0058100223541259766 0.014922
0.005823373794555664 0.014884
0.0058138370513916016 0.014900
0.005784511566162109 0.014964
0.005796909332275391 0.014861
0.0057713985443115234 0.014889
0.005800008773803711 0.014877
0.00575566291809082 0.014880
0.0057485103607177734 0.015000
0.005739450454711914 0.014905
0.0057373046875 0.014909
0.005730390548706055 0.014888
0.00572514533996582 0.014894
0.00571894645690918 0.014882
0.005730867385864258 0.014847
0.0057010650634765625 0.014854
0.005698680877685547 0.015183
0.005690813064575195 0.014907
0.0056972503662109375 0.014892
0.0056743621826171875 0.014916
0.005671977996826172 0.014889
0.005670070648193359 0.014900
0.005666255950927734 0.014877
0.005648374557495117 0.014911
0.005640506744384766 0.014871
0.0056498050689697266 0.014881
0.005635738372802734 0.014901
0.005625009536743164 0.014878
0.0056171417236328125 0.014871
0.0056226253509521484 0.014918
0.005605936050415039 0.014871
0.005597829818725586 0.014881
0.005609273910522461 0.015027
0.005597829818725586 0.014897
0.005587100982666016 0.014874
0.005584239959716797 0.014890
0.005581855773925781 0.014885
0.005574703216552734 0.014872
0.00558161735534668 0.014884
0.005556583404541016 0.014895
0.0055522918701171875 0.014882
0.005555391311645508 0.014862
0.005545139312744141 0.014901
0.005551576614379883 0.014876
0.005546092987060547 0.015049
0.005532264709472656 0.014897
0.0055201053619384766 0.014904
0.019142627716064453 0.014863
0.005652427673339844 0.014860
0.005512237548828125 0.014863
0.005524873733520508 0.014871
0.0055332183837890625 0.014810
0.0055027008056640625 0.014853
0.005489826202392578 0.015389
0.00548553466796875 0.015448
0.0054781436920166016 0.015220
0.005476951599121094 0.014884
0.0054779052734375 0.014827
0.005489349365234375 0.014778
0.0054819583892822266 0.014823
0.005499362945556641 0.014767
0.0054776668548583984 0.014902
0.0054798126220703125 0.014745
0.005462169647216797 0.014807
0.005458354949951172 0.014857
0.0054776668548583984 0.014747
0.0054700374603271484 0.014792
0.005453586578369141 0.014760
0.005446195602416992 0.014805
0.005466938018798828 0.014781
0.005437135696411133 0.014827
0.005446195602416992 0.014774
0.00542759895324707 0.014780
0.0052378177642822266 0.014960
0.00539851188659668 0.014861
0.0053997039794921875 0.014847
0.005389213562011719 0.014889
0.005410671234130859 0.014864
0.005429744720458984 0.018871
0.0054035186767578125 0.014831
0.005376100540161133 0.014877
0.005433082580566406 0.014772
0.005382061004638672 0.014840
0.005368709564208984 0.014853
0.005364179611206055 0.014860
0.005358695983886719 0.014848
0.0053904056549072266 0.014833
0.005359649658203125 0.014839
0.005366086959838867 0.014876
0.00534510612487793 0.014853
0.0053784847259521484 0.014830
0.005400657653808594 0.015054
0.00533747673034668 0.015408
0.005461692810058594 0.015197
0.005335330963134766 0.015276
0.005324363708496094 0.015239
0.0053174495697021484 0.015283
0.005326032638549805 0.015342
0.005327463150024414 0.015432
0.0053136348724365234 0.015453
0.005346059799194336 0.015373
0.005311250686645508 0.015198
0.005314826965332031 0.015104
0.005324125289916992 0.014871
0.005324602127075195 0.014856
0.005314350128173828 0.014847
0.0054073333740234375 0.014862
0.005342006683349609 0.014845
0.005324125289916992 0.014782
0.005293846130371094 0.015115
0.005335330963134766 0.014831
0.005312442779541016 0.014900
0.005321979522705078 0.014940
0.005278110504150391 0.014821
0.00531315803527832 0.014705
0.005300998687744141 0.014759
0.005295991897583008 0.014782
0.0052967071533203125 0.014762
0.00532078742980957 0.014736
0.005314826965332031 0.014878
0.005294084548950195 0.014862
0.005308389663696289 0.014742
0.005297183990478516 0.014810
0.0052988529205322266 0.014908
0.005291938781738281 0.014916
0.00528407096862793 0.014899
0.0052928924560546875 0.014779
0.005279064178466797 0.014802
0.005314826965332031 0.014762
0.005279541015625 0.014766
0.005296945571899414 0.014912
0.00527191162109375 0.015032
0.005278348922729492 0.014751
0.00528407096862793 0.014826
0.005247592926025391 0.014841
0.005270957946777344 0.014859
0.005243062973022461 0.014850
0.005240440368652344 0.014845
0.00526118278503418 0.014816
0.0052378177642822266 0.014849
0.0052509307861328125 0.014817
0.005249738693237305 0.014995
0.005239963531494141 0.014973
0.0052585601806640625 0.014772
0.005257606506347656 0.014764
0.005265712738037109 0.014751
0.00528407096862793 0.014720
0.005257844924926758 0.014762
0.005272626876831055 0.014741
0.0052607059478759766 0.014741
0.005273103713989258 0.014781
0.005250215530395508 0.014765
0.0052640438079833984 0.014758
0.005249977111816406 0.014754
0.005242347717285156 0.014740
0.005252361297607422 0.014761
0.005204677581787109 0.014838
0.0052416324615478516 0.014791
0.00524139404296875 0.014714
0.005259990692138672 0.014737
0.0052487850189208984 0.014717
0.005244255065917969 0.014741
0.005243062973022461 0.014884
0.005242824554443359 0.014757
0.0052411556243896484 0.014796
0.005246639251708984 0.014751
0.005246877670288086 0.014759
0.005256175994873047 0.014777
0.005247592926025391 0.014765
0.005259513854980469 0.014757
0.005213499069213867 0.014847
0.005232810974121094 0.014732
0.0052394866943359375 0.014786
0.005232810974121094 0.014773
0.0052204132080078125 0.014786
0.005205392837524414 0.014755
0.005194187164306641 0.014799
0.005182027816772461 0.014749
0.005208253860473633 0.014724
0.005154609680175781 0.014760
0.005175113677978516 0.014725
0.005153179168701172 0.014779
0.005142927169799805 0.014757
0.005112886428833008 0.014740
0.005096435546875 0.014739
0.0051229000091552734 0.014697
0.005098581314086914 0.014782
0.00506281852722168 0.014770
0.005051851272583008 0.014754
0.005040407180786133 0.014749
0.0050313472747802734 0.014784
0.005053520202636719 0.014729
0.005008220672607422 0.014769
0.005044221878051758 0.014711
0.004996776580810547 0.014771
0.00494384765625 0.014866
0.004965543746948242 0.014819
0.0049591064453125 0.014762
0.004951953887939453 0.014744
0.004949331283569336 0.014764
0.004930257797241211 0.014728
0.004914760589599609 0.014805
0.004911661148071289 0.014768
0.004898786544799805 0.014755
0.004880666732788086 0.014754
0.004879951477050781 0.014770
0.004873752593994141 0.014756
0.004889488220214844 0.014758
0.004859209060668945 0.014809
0.0048351287841796875 0.014756
0.004818439483642578 0.014808
0.004893064498901367 0.014847
0.00485539436340332 0.014951
0.004984855651855469 0.014860
0.004850625991821289 0.014806
0.0048100948333740234 0.015027
0.0048329830169677734 0.014930
0.004846334457397461 0.014902
0.004781961441040039 0.014916
0.004773378372192383 0.014943
0.0047380924224853516 0.014998
0.004773616790771484 0.014952
0.0047338008880615234 0.014936
0.0047948360443115234 0.014924
0.004754304885864258 0.014941
0.004738807678222656 0.014929
0.004697322845458984 0.014938
0.004706144332885742 0.014998
0.004682779312133789 0.015028
0.004717588424682617 0.014934
0.004697084426879883 0.014936
0.004676103591918945 0.015007
0.0047490596771240234 0.014919
0.00468754768371582 0.014904
0.004662752151489258 0.014942
0.004641056060791016 0.014940
0.00461578369140625 0.015003
0.004663228988647461 0.014855
0.004635334014892578 0.014862
0.004622220993041992 0.014940
0.0046384334564208984 0.014901
0.004629611968994141 0.014868
0.0045833587646484375 0.015038
0.004612445831298828 0.014858
0.004627704620361328 0.014884
0.0045697689056396484 0.014974
0.004597902297973633 0.014882
0.004565238952636719 0.014913
0.0045740604400634766 0.014886
0.00453495979309082 0.015103
0.004561185836791992 0.014831
0.004650592803955078 0.014923
0.004536867141723633 0.014856
0.0045206546783447266 0.014891
0.004517793655395508 0.014983
0.004520416259765625 0.014863
0.004518747329711914 0.014883
0.004522085189819336 0.014843
0.004485607147216797 0.014853
0.00447535514831543 0.014889
0.004476308822631836 0.014986
0.004498958587646484 0.014864
0.004446506500244141 0.014886
0.004482269287109375 0.014836
0.004482269287109375 0.014842
0.00444793701171875 0.014930
0.004441976547241211 0.014858
0.004431486129760742 0.014818
0.004397392272949219 0.014944
0.00443267822265625 0.014861
0.004395008087158203 0.014870
0.004371166229248047 0.014924
0.004414081573486328 0.014865
0.0043795108795166016 0.014862
0.004361867904663086 0.014931
0.004385948181152344 0.014871
0.004369497299194336 0.014837
0.004369497299194336 0.014841
0.004338979721069336 0.014873
0.004357337951660156 0.014848
0.004353523254394531 0.014817
0.00435328483581543 0.014826
0.0043332576751708984 0.014882
0.004321575164794922 0.014902
0.004300117492675781 0.015110
0.004297494888305664 0.014953
0.0043277740478515625 0.014853
0.004299163818359375 0.015228
0.004312753677368164 0.014872
0.004278659820556641 0.014973
0.004304409027099609 0.014880
0.004270076751708984 0.014976
0.004297018051147461 0.014856
0.0042591094970703125 0.014868
0.004246711730957031 0.015142
0.004275321960449219 0.014854
0.004267692565917969 0.014846
0.0042378902435302734 0.014935
0.004244565963745117 0.014808
0.0042324066162109375 0.014846
0.0042116641998291016 0.014905
0.00423884391784668 0.014852
0.004229307174682617 0.014863
0.004170417785644531 0.014899
0.004197835922241211 0.014952
0.004209995269775391 0.014839
0.004185676574707031 0.014806
0.004153013229370117 0.014789
0.004197835922241211 0.014585
0.004171133041381836 0.014598
0.004151344299316406 0.014661
0.0041656494140625 0.014646
0.004166364669799805 0.014674
0.004164218902587891 0.014649
0.0041310787200927734 0.014746
0.00416111946105957 0.014654
0.004152059555053711 0.014602
0.004143238067626953 0.014595
0.004148244857788086 0.014651
0.004159688949584961 0.014557
0.004149913787841797 0.014604
0.004129171371459961 0.014612
0.004148006439208984 0.014594
0.004118204116821289 0.014741
0.0041158199310302734 0.014591
0.0041196346282958984 0.014671
0.00410008430480957 0.014680
0.0041272640228271484 0.014648
0.0040972232818603516 0.014635
0.0040929317474365234 0.014613
0.004097700119018555 0.014624
0.004088640213012695 0.014652
0.004082441329956055 0.014644
0.004082918167114258 0.014630
0.004075765609741211 0.014849
0.004224300384521484 0.014637
0.0040590763092041016 0.014693
0.004049062728881836 0.014735
0.004040241241455078 0.014682
0.004022836685180664 0.014710
0.0040814876556396484 0.014672
0.004067897796630859 0.014671
0.00404667854309082 0.014631
0.004030942916870117 0.014611
0.003951311111450195 0.014724
0.004077434539794922 0.014593
0.004044771194458008 0.014810
0.00403285026550293 0.014679
0.004045724868774414 0.014632
0.004023075103759766 0.014666
0.003937244415283203 0.014756
0.004022836685180664 0.014645
0.004010677337646484 0.014662
0.004009723663330078 0.014610
0.003997087478637695 0.014622
0.0038666725158691406 0.014769
0.0040018558502197266 0.014743
0.003972530364990234 0.014593
0.0039598941802978516 0.014708
0.00399017333984375 0.014605
0.003983020782470703 0.014597
0.003971099853515625 0.014585
0.003986358642578125 0.014581
0.003999948501586914 0.014718
0.003989458084106445 0.014726
0.003982067108154297 0.014607
