0.406593
0.406456
0.264647
0.264619
0.300117
0.300036
0.261738
0.261646
0.262888
0.262811
0.262688
0.262615
0.263617
0.263598
0.265187
0.265158
0.264346
0.264264
0.266276
0.266310
0.264532
0.264505
0.263765
0.263762
0.261134
0.261185
0.263016
0.263021
0.273121
0.273044
0.263859
0.263843
0.265712
0.265692
0.266426
0.266458
0.266062
0.266055
0.266340
0.266259
0.265276
0.265205
0.266029
0.266021
0.266134
0.266192
0.266242
0.266130
0.265750
0.265664
0.273740
0.273686
0.263803
0.263755
0.306639
0.306622
0.303850
0.303832
0.304971
0.304907
0.305725
0.305649
0.303321
0.303340
0.276957
0.276879
0.271505
0.271435
0.271771
0.271765
0.276276
0.276191
0.302675
0.302618
0.304703
0.304623
0.306494
0.306404
0.304542
0.304451
0.304287
0.304235
0.303074
0.303019
0.306093
0.306023
0.302956
0.302900
0.304757
0.304725
0.305213
0.305149
0.303681
0.303603
0.305652
0.305582
0.303281
0.303219
0.303602
0.303541
0.301886
0.301827
0.302868
0.302860
0.306396
0.306336
0.306725
0.306795
0.303821
0.303746
0.284970
0.284904
0.304752
0.304714
0.305512
0.305450
0.303624
0.303558
0.304685
0.304596
0.271685
0.271686
0.303753
0.303746
0.304503
0.304497
0.302697
0.302740
0.303429
0.303432
0.301339
0.301255
0.304121
0.304047
0.311141
0.311128
0.303370
0.303345
0.304575
0.304493
0.303736
0.303689
0.299896
0.299832
0.302016
0.302025
0.304316
0.305807
0.305788
0.303058
0.302999
0.303269
0.303195
0.304905
0.304806
0.303027
0.302997
0.304841
0.304822
0.302960
0.302916
0.303144
0.303144
0.304703
0.304692
0.303339
0.303284
0.305763
0.305690
0.302616
0.302577
0.275885
0.275846
0.270992
0.270943
0.272680
0.272651
0.304110
0.304043
0.306218
0.306165
0.303612
0.303570
0.304302
0.304268
0.302805
0.302797
0.305010
0.304939
0.305630
0.305656
0.303143
0.303057
0.304369
0.304316
0.304925
0.304863
0.302996
0.302938
0.305882
0.305837
0.303221
0.303168
0.303559
0.303494
0.302949
0.302970
0.304917
0.304917
0.303477
0.303469
0.302349
0.302344
0.305708
0.305623
0.302908
0.302893
0.303398
0.303342
0.293601
0.293534
0.303127
0.303068
0.305669
0.305619
0.303233
0.303144
0.304875
0.304886
0.306746
0.306765
0.302019
0.302001
0.306421
0.306375
0.303903
0.303865
0.305036
0.304996
0.271614
0.271530
0.302373
0.302298
0.305536
0.305492
0.302599
0.302529
0.304879
0.304981
0.306246
0.306306
0.301993
0.301987
0.304526
0.304481
0.305960
0.305894
0.304665
0.304613
0.301189
0.301140
0.302293
0.302327
0.305884
0.305832
0.271414
0.271340
0.271385
0.271360
0.271263
0.271208
0.270216
0.270169
0.305467
0.305398
0.304972
0.304905
0.304074
0.304010
0.305479
0.305453
0.302113
0.302025
0.305361
0.305364
0.303155
0.303192
0.304429
0.304370
0.302993
0.302971
0.302099
0.302049
0.304722
0.304647
0.303207
0.303145
0.304880
0.304934
0.306100
0.306021
0.301261
0.301208
0.304528
0.304464
0.306072
0.306120
0.303915
0.303844
0.302507
0.302434
0.302222
0.302188
0.304606
0.304524
0.305419
0.305337
0.301966
0.301915
0.305359
0.305283
0.302316
0.302257
0.303395
0.303316
0.305974
0.305946
0.303677
0.304415
0.304327
0.301886
0.301892
0.301909
0.301135
0.301114
0.302950
0.302918
0.305049
0.305127
0.305544
0.301195
0.301119
0.304197
0.306209
0.302941
0.302872
0.302351
0.302327
0.302359
0.304361
0.302276
0.306658
0.306486
0.301699
0.304171
0.304099
0.302297
0.304232
0.301162
0.301192
0.304574
0.304497
0.301562
0.301521
0.303593
0.303582
0.304699
0.304621
0.274318
0.270978
0.270714
0.270700
0.271939
0.272039
0.269690
0.272033
0.272094
0.271086
0.271050
0.271171
0.271154
0.268863
0.271873
0.271792
0.270962
0.270934
0.271281
0.271247
0.271730
0.268032
0.272400
0.272039
0.272233
0.272235
0.270581
0.270573
0.269378
0.269394
0.271465
0.271451
0.273265
0.273252
0.270924
0.271038
0.271707
0.271662
0.270367
0.305179
0.302520
0.302562
0.304840
0.304896
0.300794
0.300759
0.301777
0.301691
0.303544
0.303514
0.301717
0.301694
0.304415
0.304333
0.301185
0.301164
0.303675
0.303658
0.304749
0.304308
0.304268
0.303254
0.303212
0.305265
0.302005
0.301964
0.303887
0.303855
0.304762
0.304745
0.302960
0.302895
0.304068
0.304566
0.304523
0.303384
0.303421
0.301519
0.301516
0.303779
0.303770
0.301552
0.301115
0.301082
0.304635
0.304594
0.302502
0.304203
0.304126
0.300975
0.300916
0.303528
0.303509
0.305123
0.302271
0.302267
0.303824
0.300088
0.300016
0.303313
0.303303
0.304873
0.303205
0.303126
0.304050
0.303957
0.301436
0.301370
0.304212
0.304191
0.305595
0.306460
0.302695
0.302607
0.304167
0.304105
0.301805
0.301838
0.301218
0.301197
0.304446
0.304362
0.306108
0.306044
0.302668
0.305356
0.305284
0.301594
0.301567
0.304726
0.304819
0.301806
0.301747
0.304147
0.304159
0.299929
0.300887
0.300880
0.305315
0.305248
0.302656
0.302542
0.305021
0.304936
0.299984
0.299896
0.302944
0.302919
0.305099
0.305113
0.303095
0.303097
0.304345
0.304431
0.300302
0.300223
0.303659
0.303648
0.305861
0.305810
0.302933
0.302929
0.305025
0.304991
0.299584
0.299511
0.303732
0.303674
0.306322
0.306381
0.306646
0.306644
0.304296
0.304285
0.269955
0.269827
0.270878
0.270802
0.271785
0.271722
0.270757
0.270667
0.272750
0.272709
0.270721
0.270695
0.271213
0.271138
0.272261
0.272230
0.271538
0.271560
0.270365
0.270284
0.268992
0.268911
0.271286
0.271257
0.274545
0.274570
0.270238
0.270164
0.303568
0.303535
0.301977
0.301970
0.303444
0.303380
0.305218
0.305250
0.305872
0.305799
0.304313
0.304241
0.304071
0.303999
0.303224
0.303161
0.305382
0.305313
0.302121
0.302031
0.304378
0.304304
0.304705
0.304583
0.302730
0.302734
0.305385
0.305383
0.302835
0.302808
0.305388
0.305382
0.300489
0.300444
0.303576
0.303512
0.276872
0.276858
0.271006
0.270997
0.271070
0.271041
0.302139
0.302098
0.304641
0.304640
0.302672
0.302612
0.303853
0.303189
0.301730
0.301784
0.305023
0.304998
0.303903
0.303818
0.304197
0.304111
0.300743
0.300058
0.299991
0.303406
0.304785
0.302808
0.302756
0.302998
0.302915
0.305007
0.302637
0.302571
0.304674
0.306834
0.306822
0.302729
0.302708
0.302852
0.302810
0.303405
0.301098
0.301103
0.303447
0.299351
0.299301
0.300989
0.303365
0.303458
0.305426
0.305350
0.303519
0.303151
0.303193
0.302450
0.302474
0.304653
0.304564
0.302943
0.302925
0.302833
0.300217
0.300137
0.303272
0.303236
0.303634
0.305928
0.304085
0.304082
0.303319
0.303246
0.301193
0.301171
0.302928
0.302836
0.305786
0.305775
0.274787
0.274835
0.279409
0.279333
0.301794
0.303309
0.306067
0.306017
0.302237
0.303440
0.303323
0.299714
0.304773
0.304734
0.302680
0.302630
0.303146
0.303066
0.303230
0.303214
0.284693
0.304556
0.302747
0.302683
0.302991
0.302988
0.305276
0.305273
0.303369
0.303346
0.270860
0.270841
0.303265
0.303245
0.303387
0.303315
0.302930
0.302866
0.302308
0.302237
0.305980
0.305962
0.301864
0.302231
0.302155
0.300406
0.300362
0.303035
0.302982
0.303774
0.303701
0.305724
0.305647
0.303437
0.302812
0.302765
0.302711
0.305367
0.305336
0.277342
0.277253
0.303227
0.303205
0.299830
0.303417
0.300516
0.303639
0.302933
0.302902
0.301333
0.303699
0.299034
0.302706
0.302687
0.303427
0.301916
0.301888
0.271313
0.300876
0.300803
0.302246
0.302176
0.300402
0.303047
0.303472
0.303537
0.302116
0.302077
0.304019
0.299965
0.299973
0.303048
0.305522
0.305472
0.302708
0.273984
0.270543
0.270465
0.270195
0.270273
0.270173
0.270150
0.270851
0.270813
0.303182
0.301567
0.301508
0.304323
0.304306
0.302145
0.301590
0.302016
0.302880
0.304223
0.304136
0.301055
0.300989
0.302121
0.302007
0.305401
0.305333
0.303489
0.303425
0.302851
0.302783
0.275448
0.271533
0.270544
0.270591
0.270218
0.271693
0.270934
0.270921
0.270031
0.270012
0.270540
0.270538
0.271650
0.271553
0.269616
0.269653
0.270486
0.270394
0.270218
0.270242
0.272508
0.271087
0.271064
0.270491
0.270455
0.271046
0.270993
0.271063
0.271138
0.271713
0.271690
0.271302
0.271328
0.270868
0.270827
0.270426
0.270419
0.270434
0.270412
0.272451
0.272373
0.301741
0.301759
0.303977
0.304017
0.304715
0.301536
0.304722
0.304720
0.301941
0.301850
0.303778
0.303712
0.304160
0.304083
0.302323
0.302320
0.302242
0.302178
0.304334
0.304300
0.301934
0.301861
0.304170
0.304185
0.302724
0.302695
0.302313
0.302245
0.301059
0.301058
0.304035
0.304020
0.300123
0.300076
0.301327
0.304904
0.304852
0.276623
0.276594
0.271008
0.270995
0.270824
0.302593
0.302719
0.302629
0.303949
0.303926
0.303081
0.303011
0.288180
0.301839
0.301803
0.304812
0.304789
0.305364
0.305398
0.302000
0.300727
0.300647
0.304185
0.304106
0.303719
0.304151
0.304147
0.302531
0.304541
0.301835
0.274250
0.271318
0.269954
0.269627
0.271099
0.271069
0.301926
0.299512
0.299468
0.302391
0.304667
0.301066
0.301060
0.304053
0.304043
0.305363
0.305355
0.301621
0.301632
0.304187
0.304110
0.302281
0.302243
0.303993
0.303946
0.301584
0.301547
0.303159
0.303142
0.304786
0.300822
0.309289
0.309241
0.302750
0.302728
0.304415
0.302281
0.302248
0.275749
0.272194
0.272116
0.268737
0.268667
0.269537
0.270022
0.269975
0.270979
0.270933
0.271780
0.271710
0.303478
0.303450
0.301621
0.302855
0.302863
0.304864
0.304768
0.301655
0.301620
0.302128
0.302060
0.299969
0.299913
0.303557
0.303529
0.304922
0.301554
0.301550
0.303211
0.303179
0.304562
0.304537
0.302318
0.302252
0.301746
0.304659
0.304573
0.299795
0.299759
0.302239
0.302185
0.299285
0.302133
0.302063
0.304225
0.304201
0.300737
0.300743
0.300434
0.300363
0.300876
0.300839
0.301960
0.301888
0.303477
0.303456
0.301729
0.301631
0.302459
0.300860
0.300785
0.302878
0.302796
0.304086
0.302012
0.301939
0.299596
0.299515
0.301433
0.301362
0.303475
0.303399
0.299752
0.299701
0.300460
0.300440
0.303893
0.303862
0.300396
0.300340
0.303255
0.303205
0.303634
0.303618
0.302094
0.302094
0.302981
0.301308
0.301242
0.302414
0.302342
0.301811
0.301809
0.302004
0.303319
0.303310
0.269722
0.269722
0.269102
0.269003
0.269618
0.269620
0.269357
0.269363
0.267730
0.270591
0.268790
0.267590
0.267503
0.269408
0.269411
0.270058
0.270034
0.270427
0.270493
0.269315
0.269222
0.268624
0.268671
0.269614
0.269528
0.268858
0.268855
0.269603
0.269600
0.268733
0.268740
0.270649
0.270707
0.268809
0.268769
0.269252
0.270137
0.268470
0.268393
0.270235
0.270376
0.270302
0.270547
0.269279
0.274189
0.274103
0.268144
0.269021
0.268438
0.268401
0.269641
0.269562
0.269520
0.270255
0.269050
0.270500
0.268505
0.268497
0.299413
0.299324
0.270827
0.267974
0.268631
0.269402
0.268418
0.270393
0.268808
0.268728
0.269365
0.269282
0.268565
0.268060
0.267979
0.269447
0.268250
0.268664
0.269280
0.268435
0.269127
0.268408
0.269637
0.270283
0.267875
0.267811
0.270005
0.269206
0.269632
0.269597
0.269331
0.269468
0.269132
0.269127
0.268714
0.268566
0.302302
0.302249
0.268851
0.267110
0.270209
0.269224
0.268742
0.267595
0.267570
0.269287
0.270613
0.270607
0.269071
0.269770
0.267604
0.267504
0.269490
0.269403
0.271023
0.271028
0.300750
0.300740
0.269366
0.269344
0.267484
0.267426
0.268759
0.268681
0.271262
0.271268
0.268443
0.268365
0.267123
0.267053
0.301420
0.301339
0.302968
0.302990
0.303823
0.303737
0.300853
0.300820
0.299870
0.299858
0.298969
0.302269
0.302178
0.303285
0.301004
0.300938
0.302443
0.302366
0.301566
0.302007
0.301976
0.299978
0.299992
0.300951
0.300977
0.274035
0.274032
0.268786
0.268692
0.269184
0.269160
0.269569
0.269519
0.269436
0.268481
0.268516
0.269589
0.269523
0.301886
0.304850
0.304816
0.301939
0.301927
0.301577
0.301562
0.301630
0.272581
0.272574
0.270622
0.270571
0.270330
0.270320
0.268677
0.268619
0.269243
0.270609
0.270526
0.271514
0.271504
0.269786
0.269736
0.269391
0.269370
0.304774
0.268233
0.270175
0.270579
0.270102
0.270066
0.269086
0.269054
0.269605
0.269520
0.271795
0.271707
0.268544
0.268553
0.267643
0.267560
0.270257
0.270258
0.268167
0.268175
0.270342
0.270272
0.269703
0.269655
0.268694
0.268706
0.269457
0.269454
0.268179
0.268116
0.269569
0.269518
0.268082
0.268684
0.268598
0.268324
0.268313
0.270834
0.270769
0.270292
0.270274
0.268270
0.268202
0.270451
0.270427
0.267334
0.267343
0.269443
0.269387
0.271491
0.271517
0.270496
0.270437
0.269978
0.269947
0.268068
0.268061
0.267820
0.267808
0.269893
0.269855
0.269623
0.269603
0.270325
0.270326
0.269510
0.269562
0.268754
0.268692
0.270747
0.270676
0.269347
0.267584
0.267546
0.269578
0.269495
0.269104
0.269133
0.272649
0.269284
0.268934
0.267648
0.268289
0.268275
0.270414
0.270350
0.269328
0.269351
0.269144
0.269222
0.268012
0.268011
0.271222
0.271199
0.268927
0.268963
0.267982
0.268988
0.268895
0.268490
0.268482
0.270705
0.270679
0.269196
0.268250
0.268131
0.269646
0.269449
0.268144
0.268563
0.268495
0.301885
0.300359
0.301280
0.303215
0.300755
0.299205
0.302435
0.302144
0.302827
0.300127
0.301959
0.303726
0.302075
0.302537
0.301613
0.301548
0.303142
0.301955
0.301641
0.272651
0.268204
0.269440
0.268103
0.268186
0.268912
0.270644
0.268468
0.269277
0.268753
0.268191
0.268199
0.269364
0.269641
0.269063
0.268629
0.268865
0.269364
0.269343
0.269588
0.267650
0.268941
0.270342
0.268187
0.268715
0.269117
0.269352
0.269406
0.268321
0.268354
0.306459
0.306391
0.269746
0.268264
0.268156
0.268603
0.268544
0.268750
0.268687
0.268957
0.268948
0.268419
0.269737
0.269705
0.269354
0.267847
0.269166
0.270216
0.270186
0.269261
0.268254
0.269034
0.269663
0.300118
0.302682
0.300011
0.300944
0.300868
0.302393
0.301533
0.301517
0.299216
0.299200
0.297689
0.299503
0.299464
0.296717
0.297060
0.296989
0.299463
0.299454
0.296878
0.296794
0.269424
0.269378
0.265578
0.266447
0.266219
0.266139
0.265325
0.265311
0.265336
0.266546
0.264234
0.266187
0.266270
0.264785
0.265682
0.264973
0.266629
0.270845
0.271042
0.271230
0.268911
0.271669
0.270113
0.270739
0.269857
0.269846
0.269879
0.271947
0.269511
0.270879
0.271680
0.271605
0.270736
0.270697
0.304685
0.304658
0.275796
0.265396
0.265383
0.265738
0.265447
0.267496
0.266764
0.263922
0.266210
0.266139
0.266365
0.265788
0.265865
0.266622
0.266539
0.266426
0.266338
0.265842
0.266615
0.266541
0.265872
0.265221
0.265917
0.265918
0.266637
0.266635
0.266723
0.266638
0.266305
0.266265
0.265721
0.265646
0.265927
0.265875
0.264310
0.264231
0.266870
0.266834
0.266458
0.266352
0.265602
0.265456
0.265400
0.265702
0.267104
0.266318
0.266370
0.265550
0.265779
0.265346
0.266312
0.265901
0.265836
0.265339
0.265332
0.265755
0.265915
0.267333
0.267249
0.265173
0.265259
0.266454
0.266901
0.266757
0.265726
0.265242
0.297921
0.296707
0.296642
0.302420
0.303365
0.303309
0.301260
0.301206
0.302698
0.302737
0.276507
0.276474
0.268805
0.269984
0.270503
0.270841
0.271178
0.271371
0.270666
0.269656
0.269665
0.270833
0.270827
0.272198
0.272147
0.269837
0.269839
0.270071
0.270050
0.271275
0.271338
0.269577
0.269509
0.270467
0.270393
0.270027
0.270024
0.269922
0.269866
0.270693
0.270663
0.270726
0.270681
0.270992
0.270945
0.269659
0.269646
0.271001
0.270952
0.272284
0.272282
0.268656
0.268562
0.270156
0.270081
0.270435
0.270552
0.270504
0.270702
0.270622
0.270608
0.272896
0.272828
0.269524
0.269491
0.270939
0.270914
0.272064
0.272027
0.272401
0.272449
0.272066
0.271988
0.270706
0.270714
0.270754
0.270671
0.270982
0.270885
0.269948
0.269982
0.271848
0.271781
0.270633
0.270622
0.270809
0.270787
0.270452
0.270374
0.271696
0.271625
0.269948
0.269875
0.270622
0.270635
0.271668
0.271613
0.271801
0.271786
0.270541
0.270546
0.272376
0.272331
0.272219
0.272196
0.270473
0.270317
0.278618
0.278554
0.240138
0.240086
0.246524
0.247227
0.247225
0.267059
0.269055
0.269068
0.269775
0.269804
0.271744
0.270257
0.270990
0.270980
0.271013
0.270937
0.269856
0.269765
0.271320
0.271250
0.271461
0.271443
0.268437
0.268474
0.271033
0.271027
0.270860
0.270797
0.271291
0.271226
0.275527
0.275446
0.280104
0.280110
0.270811
0.270748
0.269805
0.269726
0.271508
0.270117
0.270045
0.270110
0.270052
0.269786
0.269757
0.270332
0.270259
0.271534
0.271515
0.269319
0.269241
0.270494
0.270542
0.271231
0.271158
0.269610
0.269553
0.271626
0.271576
0.270572
0.270506
0.271694
0.271616
0.270052
0.270090
0.270673
0.270673
0.271451
0.271374
0.269576
0.269497
0.271587
0.271572
0.269679
0.269676
0.270601
0.270650
0.271746
0.271771
0.269024
0.271179
0.270138
0.269372
0.270553
0.270397
0.269953
0.269140
0.270052
0.270490
0.270400
0.269629
0.269626
0.270691
0.270702
0.270216
0.270208
0.270794
0.270736
0.271802
0.271855
0.270842
0.270830
0.270721
0.270657
0.270787
0.270753
0.270827
0.270794
0.269970
0.270014
0.270477
0.270411
0.269446
0.269427
0.270776
0.270728
0.270296
0.270254
0.271695
0.271601
0.270919
0.270900
0.268927
0.268863
0.270456
0.270374
0.270019
0.270072
0.271590
0.271517
0.270504
0.270555
0.270344
0.270786
0.270772
0.270345
0.271434
0.271431
0.271976
0.271908
0.269245
0.269219
0.269149
0.269248
0.271827
0.272331
0.270304
0.270311
0.269751
0.269718
0.270926
0.270888
0.271216
0.271207
0.268803
0.268769
0.270174
0.269514
0.270360
0.272346
0.269530
0.269336
0.269327
0.271443
0.269805
0.269725
0.269516
0.269510
0.271247
0.271202
0.272035
0.271953
0.270337
0.270253
0.270540
0.270555
0.271641
0.271648
0.270386
0.270325
0.270289
0.270243
0.271883
0.271815
0.270426
0.270424
0.271357
0.270163
0.270080
0.271221
0.271141
0.269445
0.269437
0.268926
0.268917
0.271715
0.271695
0.270360
0.270273
0.272079
0.272079
0.269380
0.269310
0.269324
0.269264
0.271090
0.269741
0.269703
0.271006
0.271049
0.270124
0.270108
0.268793
0.268829
0.271023
0.270945
0.269539
0.269579
0.269842
0.269848
0.269114
0.269083
0.270542
0.270492
0.270334
0.269458
0.270991
0.270448
0.270382
0.270439
0.271000
0.270768
0.270458
0.270399
0.299952
0.302890
0.302064
0.301982
0.275165
0.275154
0.271271
0.271293
0.302355
0.302350
0.269873
0.269839
0.275806
0.271216
0.271317
0.269970
0.269915
0.270382
0.270304
0.271806
0.270613
0.270518
0.269636
0.269589
0.270218
0.270357
0.270323
0.269827
0.269761
0.271901
0.270314
0.270272
0.270597
0.270541
0.270199
0.271163
0.271089
0.271186
0.271137
0.270682
0.270645
0.270540
0.270539
0.271077
0.271088
0.269660
0.269596
0.270723
0.270700
0.271328
0.271356
0.271411
0.271415
0.269228
0.269279
0.270798
0.270736
0.306895
0.306870
0.270511
0.270590
0.270420
0.270423
0.270326
0.270243
0.271636
0.271571
0.270377
0.270368
0.270600
0.270519
0.270696
0.269373
0.270378
0.270386
0.270394
0.270391
0.269399
0.269328
0.270674
0.270603
0.275291
0.275303
0.271452
0.271363
0.271266
0.271229
0.270523
0.270483
0.270152
0.270115
0.271836
0.271809
0.271784
0.271789
0.270964
0.270906
0.270376
0.302559
0.302546
0.301735
0.301677
0.303645
0.303586
0.303896
0.301729
0.301670
0.301880
0.301788
0.303181
0.303101
0.300506
0.300491
0.300087
0.300025
0.300134
0.302162
0.300797
0.300733
0.301040
0.303936
0.273315
0.273238
0.270482
0.270423
0.269594
0.269587
0.269046
0.269070
0.270293
0.270247
0.269826
0.269853
0.268623
0.268592
0.269161
0.269118
0.270609
0.270574
0.268754
0.268750
0.272781
0.300665
0.300638
0.302345
0.299642
0.299615
0.300132
0.300136
0.301319
0.301245
0.300770
0.302493
0.302448
0.300817
0.300752
0.301682
0.301615
0.302433
0.302373
0.300685
0.300615
0.301575
0.301519
0.300016
0.299997
0.302577
0.302625
0.300057
0.300049
0.274168
0.274147
0.269736
0.269668
0.268253
0.268201
0.270786
0.270751
0.269373
0.269243
0.269012
0.268956
0.268579
0.268535
0.268743
0.268687
0.270392
0.270390
0.268183
0.268095
0.267901
0.267824
0.268039
0.267951
0.267908
0.270762
0.270684
0.266783
0.266711
0.268232
0.268228
0.269444
0.269396
0.268564
0.268608
0.270099
0.270022
0.269426
0.269412
0.267612
0.267563
0.269146
0.269069
0.269307
0.269348
0.270164
0.270092
0.269031
0.269043
0.269449
0.269361
0.269222
0.269228
0.303544
0.303497
0.269349
0.269341
0.269227
0.269150
0.268584
0.268505
0.267033
0.266946
0.269403
0.269403
0.268585
0.268520
0.270078
0.269993
0.268955
0.268894
0.269096
0.269105
0.269790
0.269748
0.269738
0.269441
0.269414
0.269643
0.269608
0.268375
0.269597
0.270433
0.269086
0.269079
0.270214
0.267653
0.267588
0.269876
0.269580
0.302577
0.302551
0.302585
0.273766
0.269313
0.268882
0.268450
0.269216
0.269157
0.268130
0.268106
0.269265
0.269216
0.267535
0.271059
0.270979
0.267555
0.267521
0.269236
0.270191
0.270164
0.267888
0.270268
0.270168
0.267671
0.267605
0.269355
0.269302
0.268449
0.268372
0.268072
0.269455
0.269360
0.268705
0.268611
0.269402
0.269347
0.270002
0.269895
0.268526
0.268440
0.270096
0.270097
0.268962
0.269011
0.270257
0.270255
0.268220
0.268194
0.267919
0.269782
0.269724
0.268631
0.268537
0.268945
0.268928
0.269119
0.269125
0.269977
0.269933
0.304240
0.304131
0.298947
0.298881
0.269974
0.269974
0.269320
0.269236
0.269710
0.269677
0.268912
0.268840
0.269090
0.269015
0.268995
0.269038
0.267444
0.267423
0.270386
0.268981
0.269478
0.269485
0.269467
0.270248
0.270235
0.269165
0.269070
0.269867
0.269263
0.268958
0.275493
0.297607
0.302567
0.302547
0.302980
0.302956
0.300994
0.275292
0.267816
0.270009
0.270098
0.266749
0.269079
0.269036
0.269584
0.270966
0.269505
0.269416
0.267410
0.267451
0.269038
0.268992
0.268397
0.268383
0.270192
0.269112
0.269035
0.268837
0.268174
0.271024
0.268314
0.269272
0.269254
0.270029
0.269514
0.269499
0.270526
0.270503
0.267813
0.269590
0.269587
0.268063
0.269470
0.269885
0.269069
0.268401
0.269234
0.269288
0.268394
0.269141
0.269069
0.268434
0.268941
0.270630
0.267877
0.268432
0.270199
0.271035
0.270692
0.270482
0.271229
0.270152
0.270510
0.271364
0.271327
0.270814
0.270792
0.270887
0.274794
0.274740
0.303752
0.304839
0.303145
0.304484
0.304409
0.301037
0.303624
0.302315
0.302248
0.303270
0.304675
0.304590
0.302850
0.302813
0.304184
0.304119
0.275008
0.274928
0.280600
0.280525
0.300922
0.300833
0.303630
0.303625
0.301495
0.304218
0.303105
0.300086
0.300481
0.274844
0.270879
0.270625
0.270102
0.270158
0.302334
0.271130
0.270526
0.270615
0.270613
0.270209
0.270150
0.303447
0.303415
0.304795
0.304727
0.300755
0.300699
0.303911
0.303896
0.305535
0.305451
0.302842
0.300527
0.302879
0.304102
0.301913
0.303874
0.303821
0.304530
0.304443
0.302744
0.302613
0.303406
0.303337
0.302033
0.301959
0.304090
0.300668
0.302310
0.301098
0.303424
0.304250
0.303184
0.302927
0.302412
0.304004
0.301149
0.303327
0.303922
0.301818
0.302878
0.301182
0.304262
0.300725
0.302809
0.301492
0.301431
0.302742
0.302676
0.304959
0.304877
0.301934
0.301917
0.303684
0.301457
0.301383
0.304108
0.304101
0.305848
0.305769
0.302939
0.302881
0.303367
0.303291
0.301473
0.301404
0.303123
0.304864
0.302475
0.303816
0.302487
0.302462
0.305451
0.303369
0.299431
0.299384
0.302427
0.303676
0.301914
0.300748
0.300702
0.304626
0.304577
0.302417
0.302377
0.302910
0.302824
0.275795
0.275741
0.270940
0.270877
0.270587
0.270099
0.270123
0.270650
0.270582
0.272156
0.272060
0.270658
0.270685
0.269065
0.269069
0.271945
0.271990
0.269330
0.271792
0.271767
0.271630
0.270401
0.270396
0.270522
0.270874
0.272066
0.270103
0.270581
0.270510
0.269930
0.271412
0.272040
0.270753
0.270557
0.270497
0.271608
0.271347
0.270370
0.271395
0.271446
0.271961
0.271123
0.270777
0.270753
0.270205
0.270438
0.270902
0.270374
0.270663
0.271576
0.270611
0.270796
0.271680
0.268475
0.271196
0.269881
0.271519
0.271453
0.270135
0.305003
0.304971
0.303243
0.303225
0.303773
0.303687
0.300645
0.300618
0.304068
0.303979
0.305170
0.305203
0.303258
0.303226
0.303514
0.303541
0.302754
0.302732
0.302760
0.302727
0.301759
0.301677
0.304936
0.304966
0.301571
0.301531
0.302646
0.302669
0.304328
0.304317
0.271615
0.271580
0.270900
0.270766
0.271648
0.271590
0.270482
0.270389
0.270400
0.270317
0.271179
0.271137
0.270644
0.270607
0.269657
0.269616
0.270243
0.270208
0.304424
0.304323
0.270302
0.267300
0.267395
0.268738
0.269727
0.269552
0.269793
0.268931
0.268832
0.268991
0.269115
0.269256
0.268085
0.270133
0.268174
0.270392
0.268760
0.268852
0.268804
0.269348
0.267729
0.267737
0.268722
0.268672
0.269631
0.269631
0.270300
0.270335
0.270096
0.270128
0.268774
0.268689
0.269514
0.269442
0.269150
0.269179
0.267860
0.267841
0.270802
0.270693
0.267824
0.267738
0.267935
0.267850
0.269427
0.269508
0.270003
0.269981
0.269287
0.269198
0.269525
0.269554
0.270002
0.269936
0.268767
0.268749
0.269204
0.269203
0.269640
0.269582
0.269023
0.269060
0.269143
0.267935
0.267984
0.269665
0.269227
0.269166
0.269010
0.267839
0.270554
0.270592
0.270360
0.270335
0.268286
0.268200
0.267603
0.267516
0.269649
0.269640
0.271101
0.270988
0.269810
0.269754
0.268338
0.268340
0.269453
0.269356
0.268634
0.269611
0.269824
0.269734
0.268226
0.268193
0.268260
0.268244
0.269964
0.269919
0.270984
0.270933
0.300532
0.298329
0.298268
0.300883
0.299031
0.301924
0.301589
0.299405
0.300123
0.303113
0.304452
0.300782
0.299939
0.274623
0.269480
0.269917
0.268347
0.269184
0.266588
0.269160
0.270883
0.269094
0.268699
0.268044
0.270133
0.270312
0.269734
0.268930
0.269165
0.268924
0.269083
0.269435
0.267989
0.302435
0.274473
0.300840
0.299810
0.301878
0.300230
0.300504
0.302066
0.299522
0.272875
0.278357
0.299911
0.274368
0.268607
0.269053
0.269003
0.270120
0.270164
0.268168
0.270543
0.270476
0.268664
0.268634
0.297916
0.297891
0.297877
0.297783
0.299659
0.299627
0.301383
0.301314
0.301402
0.301390
0.304307
0.302687
0.301129
0.302435
0.303302
0.303271
0.301899
0.303403
0.304616
0.303533
0.303270
0.302358
0.304060
0.304051
0.301168
0.301099
0.303388
0.303358
0.304135
0.272169
0.270782
0.269477
0.271373
0.271081
0.269006
0.271033
0.269036
0.305214
0.270772
0.269941
0.269272
0.270338
0.272492
0.270901
0.270986
0.269600
0.271813
0.271453
0.271164
0.269091
0.270773
0.270587
0.271963
0.271452
0.303179
0.270481
0.271548
0.270979
0.269114
0.271297
0.271018
0.270547
0.271815
0.270623
0.271008
0.270646
0.271330
0.272161
0.270637
0.270661
0.271094
0.269662
0.272013
0.270332
0.270238
0.270646
0.271178
0.270281
0.270456
0.270821
0.270063
0.270545
0.269854
0.274105
0.271125
0.270251
0.270495
0.272817
0.270179
0.270260
0.271482
0.272083
0.270511
0.270764
0.269290
0.271156
0.270562
0.271385
0.270921
0.270464
0.272018
0.270949
0.270274
0.271165
0.271146
0.270495
0.269213
0.272945
0.271257
0.270639
0.271158
0.269010
0.271734
0.269934
0.270651
0.270813
0.270731
0.271828
0.271577
0.268558
0.271224
0.303796
0.271556
0.270468
0.270783
0.270490
0.270548
0.271821
0.271460
0.271330
0.270098
0.270789
0.272603
0.269448
0.270748
0.269889
0.270000
0.271916
0.270876
0.272240
0.272202
0.270278
0.270955
0.270877
0.271685
0.270921
0.270962
0.269894
0.269832
0.271904
0.271941
0.270070
0.269984
0.271765
0.271752
0.270559
0.270590
0.271465
0.271450
0.269634
0.269779
0.272131
0.271624
0.270614
0.270387
0.270964
0.270966
0.271740
0.270573
0.270489
0.270631
0.270542
0.269944
0.271152
0.271093
0.271760
0.268713
0.270488
0.272120
0.270499
0.271048
0.270522
0.271723
0.269748
0.271608
0.270728
0.270419
0.270567
0.271674
0.271380
0.270890
0.271194
0.269918
0.269608
0.271603
0.270966
0.270991
0.270541
0.270680
0.272205
0.270495
0.270621
0.270481
0.269598
0.270870
0.270684
0.269958
0.270192
0.270843
0.272717
0.269611
0.270493
0.271438
0.271444
0.271991
0.270394
0.270938
0.271683
0.303262
0.272588
0.270603
0.270458
0.270466
0.271397
0.270956
0.303493
0.304302
0.270677
0.270149
0.271970
0.270042
0.270301
0.271151
0.270646
0.269759
0.269953
0.274361
0.270226
0.270519
0.271546
0.271219
0.268599
0.270830
0.269832
0.273165
0.269523
0.270406
0.270689
0.300768
0.301975
0.303188
0.301908
0.303526
0.303215
0.303484
0.302511
0.302552
0.304178
0.301778
0.304345
0.301675
0.303169
0.303849
0.305987
0.302598
0.270383
0.302810
0.304470
0.269990
0.303387
0.300244
0.303041
0.299456
0.301263
0.304824
0.301172
0.301625
0.303941
0.301822
0.275385
0.269279
0.302810
0.299173
0.302494
0.302423
0.303860
0.303804
0.302148
0.302120
0.302443
0.302372
0.299969
0.299926
0.276084
0.276010
0.270522
0.270502
0.270398
0.270414
0.304072
0.304005
0.302174
0.302202
0.302616
0.302537
0.305026
0.304949
0.301315
0.301235
0.304083
0.304024
0.301885
0.301842
0.303964
0.303903
0.305176
0.305213
0.302281
0.302248
0.271309
0.271238
0.302056
0.302036
0.302467
0.302407
0.305117
0.305058
0.303134
0.303120
0.303921
0.303900
0.303977
0.303898
0.303076
0.303118
0.304774
0.304712
0.301716
0.301774
0.303984
0.303919
0.301967
0.303070
0.274828
0.274834
0.270452
0.270455
0.271308
0.268365
0.269755
0.272791
0.269276
0.268932
0.270333
0.271804
0.271747
0.270105
0.269068
0.270556
0.269062
0.272028
0.270260
0.268680
0.270892
0.271889
0.270566
0.271549
0.270187
0.270406
0.270369
0.271586
0.269606
0.270216
0.270359
0.269305
0.272936
0.268582
0.270451
0.271019
0.270084
0.271104
0.269481
0.270571
0.269907
0.270458
0.271752
0.270540
0.270285
0.272198
0.270377
0.271846
0.270229
0.271610
0.269731
0.270062
0.272733
0.270570
0.270409
0.270990
0.270494
0.270304
0.271284
0.270213
0.270474
0.270114
0.271892
0.271047
0.268777
0.271659
0.271044
0.270980
0.270565
0.271695
0.271370
0.269365
0.271583
0.271356
0.269159
0.269742
0.270926
0.272165
0.269644
0.269062
0.270684
0.270662
0.269510
0.269493
0.272444
0.272366
0.271037
0.271080
0.270205
0.270128
0.269191
0.269194
0.271124
0.271126
0.272693
0.272726
0.270494
0.270410
0.270577
0.270514
0.270616
0.270676
0.271215
0.271125
0.271817
0.271800
0.270455
0.270362
0.301698
0.301668
0.304318
0.304343
0.300215
0.300143
0.302638
0.302560
0.303617
0.303669
0.302507
0.302443
0.304788
0.304760
0.302428
0.302343
0.302577
0.302469
0.301689
0.301693
0.302649
0.302570
0.304954
0.304899
0.302970
0.303043
0.304966
0.304937
0.301926
0.301954
0.303733
0.303689
0.305414
0.305403
0.302198
0.302246
0.300369
0.300416
0.302687
0.302608
0.303454
0.303385
0.292991
0.302955
0.301414
0.301395
0.301959
0.301930
0.304727
0.302560
0.301405
0.301411
0.305709
0.305635
0.303356
0.303282
0.304040
0.302179
0.302164
0.303508
0.303461
0.302862
0.302803
0.303498
0.303420
0.304326
0.304320
0.302916
0.301572
0.301528
0.302731
0.302685
0.303741
0.302500
0.302435
0.303459
0.302028
0.301989
0.303451
0.303359
0.301503
0.301510
0.303134
0.303162
0.299065
0.299002
0.296896
0.296884
0.299250
0.299235
0.296145
0.296073
0.297154
0.297140
0.295995
0.295933
0.298060
0.297981
0.299135
0.299173
0.300365
0.300336
0.297128
0.296717
0.296688
0.298310
0.298244
0.300011
0.299957
0.299245
0.299314
0.295129
0.295066
0.298956
0.298951
0.297535
0.297481
0.266499
0.266466
0.296941
0.299493
0.299431
0.269367
0.269367
0.265576
0.265450
0.267426
0.267458
0.264895
0.264812
0.265906
0.265836
0.265962
0.265915
0.264407
0.264336
0.268033
0.267981
0.264484
0.264433
0.266693
0.266675
0.265104
0.265055
0.265303
0.265281
0.266673
0.266619
0.264431
0.265471
0.265532
0.265543
0.265505
0.265510
0.266176
0.266124
0.264917
0.264916
0.266697
0.266619
0.263181
0.263124
0.263826
0.263870
0.265491
0.265435
0.264248
0.264223
0.264346
0.264338
0.263951
0.263876
0.264547
0.264525
0.264697
0.263846
0.263773
0.263943
0.263886
0.263011
0.262985
0.270720
0.270668
0.271628
0.271559
0.270574
0.270557
0.270851
0.270835
0.269443
0.269345
0.270031
0.269958
0.268924
0.268845
0.269241
0.269289
0.270135
0.270088
0.302653
0.302606
0.273385
0.273354
0.270260
0.270276
0.268902
0.268888
0.268072
0.268875
0.269295
0.299608
0.302708
0.272575
0.269589
0.269131
0.269012
0.269165
0.269738
0.267620
0.268954
0.270001
0.270675
0.269222
0.269331
0.303401
0.300655
0.303582
0.301004
0.302801
0.300217
0.302255
0.304385
0.300550
0.303716
0.300027
0.301128
0.274900
0.269386
0.270363
0.269105
0.269219
0.270092
0.269096
0.270816
0.300702
0.272056
0.301286
0.302302
0.303894
0.301012
0.299789
0.302954
0.302143
0.302775
0.303823
0.298549
0.301579
0.302133
0.300326
0.302247
0.299833
0.302229
0.303152
0.298753
0.302692
0.275043
0.269297
0.269211
0.269578
0.268767
0.269111
0.270070
0.269097
0.268927
0.268865
0.269586
0.270130
0.269638
0.269662
0.268865
0.269689
0.268298
0.270396
0.269754
0.269680
0.269880
0.268826
0.268740
0.267810
0.267802
0.275054
0.275059
0.281405
0.273751
0.273712
0.269445
0.269375
0.269253
0.269214
0.269637
0.269568
0.269125
0.269104
0.269879
0.269790
0.267495
0.267460
0.268996
0.269501
0.267996
0.267907
0.302311
0.302252
0.301342
0.301293
0.275102
0.270252
0.270244
0.301234
0.301230
0.302134
0.300525
0.302005
0.302729
0.300320
0.300944
0.299558
0.303693
0.302524
0.302845
0.302280
0.303808
0.304461
0.300791
0.301921
0.303105
0.301910
0.303201
0.301948
0.301758
0.296479
0.297714
0.294638
0.302585
0.303049
0.274588
0.268574
0.274137
0.305325
0.305254
0.301867
0.301810
0.299440
0.299425
0.300972
0.303070
0.302994
0.301752
0.301752
0.302060
0.302909
0.300825
0.300756
0.301913
0.301921
0.299226
0.299162
0.301797
0.301798
0.302023
0.301936
0.300545
0.300464
0.303411
0.303347
0.300682
0.300659
0.302237
0.302161
0.300881
0.300839
0.301259
0.301191
0.302996
0.302924
0.273745
0.273718
0.270117
0.270052
0.269466
0.269361
0.269051
0.269008
0.268369
0.268302
0.269257
0.269312
0.269828
0.269821
0.300668
0.300608
0.302496
0.302575
0.298043
0.297959
0.302147
0.302073
0.304317
0.304321
0.304816
0.304787
0.300957
0.300937
0.303414
0.303350
0.301444
0.301361
0.303512
0.303553
0.301117
0.301086
0.302608
0.302592
0.301055
0.301057
0.302002
0.301993
0.295408
0.295331
0.275081
0.275035
0.299019
0.298944
0.301484
0.301469
0.303112
0.303045
0.300939
0.300922
0.299405
0.299456
0.303494
0.303420
0.304086
0.304011
0.301905
0.301837
0.303863
0.303849
0.304428
0.304404
0.274968
0.274934
0.270329
0.270325
0.271635
0.271606
0.276181
0.276141
0.304959
0.304893
0.300871
0.300809
0.303774
0.303713
0.301414
0.301346
0.303931
0.303907
0.305397
0.305409
0.301870
0.301800
0.303550
0.303561
0.301857
0.301890
0.286497
0.286488
0.304698
0.304665
0.302525
0.302449
0.300536
0.302610
0.302540
0.303807
0.303739
0.300734
0.300662
0.303308
0.303305
0.285280
0.285253
0.302518
0.303469
0.301419
0.302889
0.271005
0.271573
0.271287
0.271225
0.270899
0.269922
0.270601
0.303396
0.304282
0.301555
0.303083
0.300833
0.302664
0.303078
0.302476
0.304328
0.304587
0.302387
0.302821
0.300961
0.303078
0.305047
0.302114
0.301707
0.301467
0.304009
0.302505
0.301877
0.305745
0.303094
0.302959
0.302904
0.303073
0.302217
0.302691
0.301003
0.302691
0.302498
0.301667
0.302868
0.274812
0.269607
0.270352
0.271505
0.269664
0.270911
0.270853
0.270395
0.270633
0.269204
0.269938
0.271657
0.268175
0.270874
0.270988
0.269491
0.269539
0.269506
0.269259
0.271669
0.270797
0.270400
0.269565
0.269993
0.272311
0.271587
0.269386
0.270577
0.269339
0.271473
0.269892
0.271362
0.271748
0.270210
0.271158
0.271602
0.268801
0.270371
0.271163
0.270588
0.270895
0.269394
0.271327
0.270196
0.272144
0.270558
0.269074
0.268927
0.273713
0.303559
0.275050
0.269211
0.271571
0.268994
0.274311
0.270067
0.271540
0.270976
0.270232
0.271168
0.269144
0.270891
0.270819
0.269193
0.269107
0.269218
0.271066
0.271055
0.270189
0.270154
0.270427
0.270465
0.268531
0.268586
0.270326
0.270305
0.270759
0.270741
0.270398
0.270386
0.269550
0.269538
0.269175
0.269162
0.270796
0.270772
0.271488
0.271525
0.268742
0.270382
0.270320
0.268755
0.268731
0.270155
0.270098
0.270793
0.270701
0.271092
0.271081
0.269519
0.269559
0.269234
0.269229
0.270473
0.270415
0.270419
0.270400
0.269333
0.269384
0.270373
0.270290
0.275953
0.275908
0.301473
0.303605
0.304484
0.304427
0.301655
0.300662
0.300609
0.302363
0.302350
0.303605
0.304396
0.302202
0.303703
0.303683
0.300166
0.304505
0.301094
0.302997
0.303217
0.300750
0.303814
0.304499
0.274499
0.269548
0.269399
0.271062
0.270326
0.269227
0.269463
0.268826
0.271815
0.269825
0.270332
0.269764
0.269970
0.271731
0.269696
0.270405
0.269612
0.269804
0.305728
