0.3650205135345459
0.22573137283325195
0.225325345993042
0.22313809394836426
0.22415494918823242
0.22393083572387695
0.22461366653442383
0.22630047798156738
0.22547459602355957
0.22750377655029297
0.22577691078186035
0.2247302532196045
0.2224593162536621
0.22412371635437012
0.23421549797058105
0.22503066062927246
0.22698259353637695
0.2277073860168457
0.22723650932312012
0.22763586044311523
0.22641468048095703
0.22710084915161133
0.22743463516235352
0.2269597053527832
0.22717690467834473
0.23461699485778809
0.22542262077331543
0.23476529121398926
0.23466897010803223
0.2347259521484375
0.2337641716003418
0.23363494873046875
0.23358368873596191
0.23242688179016113
0.23309564590454102
0.23275256156921387
0.23238754272460938
0.23315095901489258
0.2336280345916748
0.23409390449523926
0.2315073013305664
0.23245763778686523
0.23465394973754883
0.2330310344696045
0.23318004608154297
0.23220348358154297
0.23290252685546875
0.2341146469116211
0.23308873176574707
0.23224687576293945
0.23216557502746582
0.2317492961883545
0.23459792137145996
0.2333688735961914
0.23228025436401367
0.2319328784942627
0.23396658897399902
0.23331356048583984
0.23311138153076172
0.2330319881439209
0.23279714584350586
0.23313522338867188
0.23299574851989746
0.23278021812438965
0.23202729225158691
0.23154449462890625
0.23300886154174805
0.2390303611755371
0.23259234428405762
0.23199796676635742
0.23394489288330078
0.2310328483581543
0.23217034339904785
0.23376083374023438
0.2340984344482422
0.2331099510192871
0.2316899299621582
0.23269987106323242
0.23261046409606934
0.23281097412109375
0.23295211791992188
0.23162126541137695
0.23222780227661133
0.23274922370910645
0.23391437530517578
0.23209834098815918
0.23291802406311035
0.23193144798278809
0.23375558853149414
0.23283886909484863
0.23311948776245117
0.23266839981079102
0.23232364654541016
0.2326972484588623
0.23386764526367188
0.23341798782348633
0.23233461380004883
0.23267292976379395
0.23250079154968262
0.23173785209655762
0.2325122356414795
0.23214149475097656
0.231353759765625
0.2324988842010498
0.23295092582702637
0.23358631134033203
0.23105859756469727
0.23342227935791016
0.23254823684692383
0.23143482208251953
0.2324986457824707
0.23144793510437012
0.23342180252075195
0.2326052188873291
0.23270082473754883
0.23370909690856934
0.22995877265930176
0.2335965633392334
0.23334479331970215
0.23403406143188477
0.23250508308410645
0.23119139671325684
0.2333073616027832
0.23234272003173828
0.2330327033996582
0.23351073265075684
0.23154211044311523
0.23276448249816895
0.2326202392578125
0.23375630378723145
0.23132872581481934
0.23116779327392578
0.233964204788208
0.23265576362609863
0.23255348205566406
0.23220467567443848
0.2314436435699463
0.23407697677612305
0.23182106018066406
0.232682466506958
0.23230791091918945
0.2309112548828125
0.2333974838256836
0.23283076286315918
0.23261284828186035
0.23329734802246094
0.23138809204101562
0.23254060745239258
0.2326803207397461
0.23337221145629883
0.2337033748626709
0.23081374168395996
0.2331857681274414
0.2328190803527832
0.23286104202270508
0.23301219940185547
0.23169660568237305
0.23345446586608887
0.23366665840148926
0.23086309432983398
0.23342514038085938
0.23157525062561035
0.23176360130310059
0.2336716651916504
0.23384737968444824
0.23305034637451172
0.23215723037719727
0.2315812110900879
0.23242521286010742
0.23260784149169922
0.23370361328125
0.23331809043884277
0.23067736625671387
0.23261523246765137
0.23335480690002441
0.23147225379943848
0.2325267791748047
0.23208379745483398
0.2325453758239746
0.2322695255279541
0.23279881477355957
0.23355793952941895
0.23140215873718262
0.23230290412902832
0.23234772682189941
0.23230886459350586
0.23104190826416016
0.23371052742004395
0.23241448402404785
0.23271584510803223
0.23234963417053223
0.23119139671325684
0.23226475715637207
0.23209381103515625
0.23318243026733398
0.2331404685974121
0.23109984397888184
0.23353362083435059
0.23310065269470215
0.23248791694641113
0.2320876121520996
0.23026132583618164
0.23315763473510742
0.23230433464050293
0.23260235786437988
0.23288226127624512
0.2295684814453125
0.23319292068481445
0.233428955078125
0.23160767555236816
0.23038673400878906
0.23279094696044922
0.23445653915405273
0.23227691650390625
0.2325725555419922
0.23289251327514648
0.23113775253295898
0.23323726654052734
0.2322990894317627
0.23420333862304688
0.23140788078308105
0.23083186149597168
0.2326641082763672
0.2306835651397705
0.23275470733642578
0.23209333419799805
0.233903169631958
0.23380398750305176
0.2319934368133545
0.23258519172668457
0.23424696922302246
0.2313840389251709
0.23314142227172852
0.23277688026428223
0.23239898681640625
0.23219585418701172
0.2314281463623047
0.23218011856079102
0.2320559024810791
0.23319077491760254
0.23256969451904297
0.23052382469177246
0.23296403884887695
0.2329881191253662
0.23257231712341309
0.231489896774292
0.2328357696533203
0.2338254451751709
0.23221206665039062
0.23229146003723145
0.23030805587768555
0.23238563537597656
0.23265385627746582
0.23347902297973633
0.23204588890075684
0.23116230964660645
0.2330315113067627
0.2342371940612793
0.23282480239868164
0.23295807838439941
0.23258090019226074
0.23031949996948242
0.23269224166870117
0.23340845108032227
0.2321336269378662
0.2327728271484375
0.230973482131958
0.23356413841247559
0.2320420742034912
0.2327425479888916
0.23097848892211914
0.22968649864196777
0.23331451416015625
0.2323296070098877
0.23340749740600586
0.2304089069366455
0.2319040298461914
0.23319268226623535
0.23285937309265137
0.23232793807983398
0.2303299903869629
0.23238730430603027
0.23301076889038086
0.23253607749938965
0.23358988761901855
0.2293078899383545
0.23179864883422852
0.23421502113342285
0.2336268424987793
0.23308992385864258
0.23110413551330566
0.23217177391052246
0.23306584358215332
0.2322547435760498
0.2338244915008545
0.23179984092712402
0.23268604278564453
0.23363900184631348
0.233001708984375
0.2316446304321289
0.2302548885345459
0.23275160789489746
0.23592734336853027
0.23148059844970703
0.23269343376159668
0.23288917541503906
0.23273062705993652
0.2337660789489746
0.23289084434509277
0.2328794002532959
0.23127269744873047
0.23202967643737793
0.23398947715759277
0.23201465606689453
0.232590913772583
0.23208355903625488
0.23113250732421875
0.23271656036376953
0.23207354545593262
0.23355793952941895
0.230482816696167
0.23215174674987793
0.23299455642700195
0.23218035697937012
0.23166131973266602
0.23199892044067383
0.232619047164917
0.23305535316467285
0.23275208473205566
0.2315199375152588
0.23124074935913086
0.23275446891784668
0.23455452919006348
0.23396062850952148
0.23261284828186035
0.23011422157287598
0.23235130310058594
0.23268651962280273
0.23201441764831543
0.2314612865447998
0.2326045036315918
0.2312309741973877
0.23293757438659668
0.2335338592529297
0.23105716705322266
0.23241925239562988
0.23264193534851074
0.23207807540893555
0.23290181159973145
0.23044514656066895
0.23117756843566895
0.2320389747619629
0.2331089973449707
0.23273110389709473
0.2309093475341797
0.23171782493591309
0.23275494575500488
0.23346567153930664
0.23201990127563477
0.23097491264343262
0.23339605331420898
0.23175048828125
0.2330639362335205
0.23331236839294434
0.23159503936767578
0.2316129207611084
0.23131394386291504
0.23346877098083496
0.23157811164855957
0.23076701164245605
0.23151755332946777
0.23182010650634766
0.23310232162475586
0.2314908504486084
0.23230934143066406
0.22931241989135742
0.23232483863830566
0.23347830772399902
0.23148155212402344
0.23021960258483887
0.23152446746826172
0.23273849487304688
0.2334432601928711
0.2315824031829834
0.23240184783935547
0.23249077796936035
0.2321460247039795
0.2333998680114746
0.2322063446044922
0.23037171363830566
0.23109650611877441
0.23370838165283203
0.2317819595336914
0.23017573356628418
0.23074078559875488
0.23237943649291992
0.23169231414794922
0.2327735424041748
0.23239970207214355
0.23034429550170898
0.23158597946166992
0.23252582550048828
0.23392033576965332
0.23149466514587402
0.2302854061126709
0.2324690818786621
0.23105645179748535
0.23329615592956543
0.23100924491882324
0.23125505447387695
0.23194098472595215
0.23186850547790527
0.23224186897277832
0.23166656494140625
0.23141145706176758
0.23248291015625
0.23073697090148926
0.23138689994812012
0.2314157485961914
0.23262286186218262
0.2313556671142578
0.23148465156555176
0.23338770866394043
0.23031234741210938
0.2320113182067871
0.23292207717895508
0.23214983940124512
0.2312004566192627
0.23176908493041992
0.23160076141357422
0.23135089874267578
0.23238301277160645
0.23129582405090332
0.23142766952514648
0.23251581192016602
0.23228049278259277
0.23018383979797363
0.2332897186279297
0.23252010345458984
0.23262810707092285
0.23046660423278809
0.23015308380126953
0.23313140869140625
0.23351573944091797
0.23157668113708496
0.2319633960723877
0.23296499252319336
0.23171424865722656
0.23186969757080078
0.23325157165527344
0.2322828769683838
0.23134517669677734
0.2319042682647705
0.2328474521636963
0.23115324974060059
0.231522798538208
0.23182106018066406
0.23403453826904297
0.23256468772888184
0.2319636344909668
0.23240041732788086
0.23230481147766113
0.23326444625854492
0.23267340660095215
0.23201870918273926
0.23145651817321777
0.2319507598876953
0.23406124114990234
0.2313225269317627
0.23228669166564941
0.23256707191467285
0.23100543022155762
0.23307061195373535
0.23218083381652832
0.23366713523864746
0.23228693008422852
0.23203706741333008
0.23141121864318848
0.23241424560546875
0.2310199737548828
0.23177003860473633
0.23207902908325195
0.23086190223693848
0.23151898384094238
0.23339438438415527
0.23058295249938965
0.23017263412475586
0.23339629173278809
0.23318862915039062
0.23230361938476562
0.23238325119018555
0.23253583908081055
0.23123812675476074
0.23115277290344238
0.23215937614440918
0.2325887680053711
0.23111891746520996
0.23322153091430664
0.23315048217773438
0.23097634315490723
0.23135113716125488
0.23322057723999023
0.23312807083129883
0.2320566177368164
0.2320563793182373
0.23295092582702637
0.2319180965423584
0.23140883445739746
0.23242783546447754
0.23156452178955078
0.23120665550231934
0.23222136497497559
0.23214101791381836
0.23050785064697266
0.23207688331604004
0.23330450057983398
0.23073959350585938
0.23306989669799805
0.23348736763000488
0.23108887672424316
0.2323307991027832
0.23212051391601562
0.23281049728393555
0.23215675354003906
0.23207497596740723
0.23240947723388672
0.2302243709564209
0.23639345169067383
0.23198938369750977
0.23291683197021484
0.23246169090270996
0.23254060745239258
0.23248982429504395
0.23012566566467285
0.23105573654174805
0.23122167587280273
0.23205971717834473
0.23293089866638184
0.23236441612243652
0.2325143814086914
0.23195552825927734
0.23242974281311035
0.23168540000915527
0.23128247261047363
0.23033475875854492
0.2322680950164795
0.23273634910583496
0.23211431503295898
0.23189926147460938
0.23238682746887207
0.23189187049865723
0.23003578186035156
0.23116588592529297
0.22949433326721191
0.2306516170501709
0.22934317588806152
0.23026275634765625
0.2317943572998047
0.22965240478515625
0.22817635536193848
0.23066067695617676
0.22958993911743164
0.23028850555419922
0.23031973838806152
0.23015165328979492
0.22998380661010742
0.23030614852905273
0.23105955123901367
0.23051857948303223
0.23004460334777832
0.23039889335632324
0.2303178310394287
0.2293562889099121
0.2285008430480957
0.23115277290344238
0.22824859619140625
0.22997522354125977
0.22980809211730957
0.23084759712219238
0.23008990287780762
0.2301485538482666
0.22940921783447266
0.23130440711975098
0.23035240173339844
0.22975373268127441
0.23055076599121094
0.22959566116333008
0.2302863597869873
0.23037481307983398
0.22854375839233398
0.2314305305480957
0.22974324226379395
0.2283179759979248
0.23008489608764648
0.23091530799865723
0.23113036155700684
0.23006367683410645
0.2292957305908203
0.22995281219482422
0.22945404052734375
0.2303609848022461
0.22893357276916504
0.2313389778137207
0.2291421890258789
0.2302854061126709
0.23094511032104492
0.22924375534057617
0.23119401931762695
0.23091435432434082
0.23128128051757812
0.230149507522583
0.23024296760559082
0.229109525680542
0.22969484329223633
0.22933626174926758
0.23001980781555176
0.23033761978149414
0.2312922477722168
0.22991418838500977
0.2312920093536377
0.22909092903137207
0.228440523147583
0.23181462287902832
0.22892379760742188
0.22937989234924316
0.2302258014678955
0.22942090034484863
0.2309565544128418
0.22931933403015137
0.2303466796875
0.2294144630432129
0.2284865379333496
0.23053765296936035
0.22909331321716309
0.22947311401367188
0.23034095764160156
0.22913908958435059
0.23006629943847656
0.22917795181274414
0.23067092895507812
0.23099470138549805
0.22855663299560547
0.23103117942810059
0.2300567626953125
0.23026537895202637
0.2300121784210205
0.23003888130187988
0.22969865798950195
0.2293558120727539
0.23007965087890625
0.22957086563110352
0.2281513214111328
0.23103022575378418
0.23012685775756836
0.22944116592407227
0.22855043411254883
0.2299966812133789
0.23118209838867188
0.23019099235534668
0.2303907871246338
0.22850942611694336
0.22968697547912598
0.23173975944519043
0.22913599014282227
0.23000693321228027
0.22840547561645508
0.22920584678649902
0.23215532302856445
0.22916340827941895
0.22815895080566406
0.23041081428527832
0.23112249374389648
0.2310318946838379
0.23006463050842285
0.23021721839904785
0.22869157791137695
0.23029232025146484
0.23151040077209473
0.230238676071167
0.23002052307128906
0.2282731533050537
0.23078274726867676
0.23061227798461914
0.23004579544067383
0.2305283546447754
0.22862029075622559
0.22999119758605957
0.23056912422180176
0.23027348518371582
0.22908973693847656
0.2304823398590088
0.22963595390319824
0.23124909400939941
0.23024797439575195
0.22840356826782227
0.23021459579467773
0.22916245460510254
0.23143625259399414
0.23119544982910156
0.22929620742797852
0.23019766807556152
0.23134660720825195
0.23224520683288574
0.2304685115814209
0.22995710372924805
0.23050570487976074
0.22898411750793457
0.23089909553527832
0.23131561279296875
0.23050212860107422
0.22987985610961914
0.23000121116638184
0.23221707344055176
0.2292943000793457
0.22827506065368652
0.23113584518432617
0.22880148887634277
0.2310047149658203
0.23046016693115234
0.22954630851745605
0.23018193244934082
0.2290174961090088
0.23022818565368652
0.22915124893188477
0.22913026809692383
0.22926044464111328
0.23155856132507324
0.2309577465057373
0.22904109954833984
0.23102331161499023
0.228196382522583
0.23023200035095215
0.23176884651184082
0.2307276725769043
0.23076725006103516
0.22865843772888184
0.22881579399108887
0.23060369491577148
0.23016047477722168
0.23110723495483398
0.23032450675964355
0.2296142578125
0.23124194145202637
0.2301652431488037
0.22811460494995117
0.2301938533782959
0.22999286651611328
0.23232173919677734
0.23006486892700195
0.22999310493469238
0.22843599319458008
0.22909998893737793
0.23111438751220703
0.23015499114990234
0.22989320755004883
0.2301952838897705
0.2289745807647705
0.2320847511291504
0.22939276695251465
0.22855734825134277
0.2295818328857422
0.22912120819091797
0.23127198219299316
0.22992682456970215
0.22884631156921387
0.22911667823791504
0.23013949394226074
0.23016023635864258
0.22913908958435059
0.22934746742248535
0.22948455810546875
0.2290499210357666
0.22988033294677734
0.22917461395263672
0.23026776313781738
0.22893404960632324
0.22915959358215332
0.23200416564941406
0.2308645248413086
0.23003554344177246
0.22900772094726562
0.22941327095031738
0.2301771640777588
0.23029398918151855
0.22929716110229492
0.2299516201019287
0.23021197319030762
0.23102045059204102
0.2299337387084961
0.2286992073059082
0.22911858558654785
0.23022842407226562
0.22899460792541504
0.22912025451660156
0.22973275184631348
0.23129725456237793
0.229170560836792
0.23009443283081055
0.22940897941589355
0.22890162467956543
0.22992849349975586
0.23016929626464844
0.2300562858581543
0.22930145263671875
0.22968387603759766
0.2302701473236084
0.23031044006347656
0.22869062423706055
0.2298729419708252
0.2310469150543213
0.2290802001953125
0.22947001457214355
0.22975897789001465
0.2296442985534668
0.22940802574157715
0.23048043251037598
0.2304086685180664
0.2289586067199707
0.22930622100830078
0.22966980934143066
0.22948575019836426
0.2292025089263916
0.23079609870910645
0.2300581932067871
0.22887754440307617
0.229933500289917
0.2297956943511963
0.23013019561767578
0.22907352447509766
0.2298448085784912
0.2302720546722412
0.22902274131774902
0.23087191581726074
0.2299361228942871
0.22909998893737793
0.22926926612854004
0.23017263412475586
0.22657322883605957
0.22658228874206543
0.2277982234954834
0.22759151458740234
0.2263503074645996
0.22764110565185547
0.22669434547424316
0.22661757469177246
0.22650671005249023
0.2275254726409912
0.2275681495666504
0.22664403915405273
0.22667741775512695
0.22781586647033691
0.2256312370300293
0.227400541305542
0.2273099422454834
0.2263333797454834
0.22649812698364258
0.22637152671813965
0.22820329666137695
0.2311389446258545
0.23210811614990234
0.2322371006011963
0.2304542064666748
0.23318219184875488
0.23148131370544434
0.2321765422821045
0.23127102851867676
0.2314131259918213
0.23312067985534668
0.23112726211547852
0.23229384422302246
0.23306059837341309
0.23229098320007324
0.2326488494873047
0.23233413696289062
0.22664546966552734
0.2268373966217041
0.22672295570373535
0.22877812385559082
0.22804498672485352
0.22537517547607422
0.2267167568206787
0.22768759727478027
0.22673630714416504
0.22714972496032715
0.22769784927368164
0.22747445106506348
0.22658658027648926
0.2278282642364502
0.22693586349487305
0.22677373886108398
0.22675657272338867
0.22745800018310547
0.22795867919921875
0.2271575927734375
0.2266559600830078
0.22722315788269043
0.22547388076782227
0.22774410247802734
0.2275092601776123
0.2266836166381836
0.22682452201843262
0.22648096084594727
0.22852516174316406
0.22733449935913086
0.2268991470336914
0.22661685943603516
0.22645783424377441
0.22766947746276855
0.22685694694519043
0.2265639305114746
0.2266831398010254
0.22699975967407227
0.2286376953125
0.22608566284179688
0.22645068168640137
0.2275867462158203
0.227813720703125
0.22768568992614746
0.22703051567077637
0.22669005393981934
0.2264237403869629
0.2268664836883545
0.23190951347351074
0.23162078857421875
0.23131442070007324
0.2312026023864746
0.23319721221923828
0.23023033142089844
0.2311253547668457
0.23205971717834473
0.23230648040771484
0.2322227954864502
0.23287487030029297
0.23210954666137695
0.23125815391540527
0.23106670379638672
0.23211932182312012
0.23325324058532715
0.23127150535583496
0.23117470741271973
0.2327406406402588
0.23052740097045898
0.2312638759613037
0.23143315315246582
0.2310492992401123
0.2321028709411621
0.23185992240905762
0.23220062255859375
0.23087143898010254
0.2322096824645996
0.23370957374572754
0.22969937324523926
0.2313849925994873
0.2320384979248047
0.23183131217956543
0.23238563537597656
0.23164963722229004
0.23396778106689453
0.23100900650024414
0.2322545051574707
0.23331069946289062
0.23367691040039062
0.23305463790893555
0.2320709228515625
0.23196196556091309
0.23187589645385742
0.23118138313293457
0.23278260231018066
0.23200321197509766
0.2317795753479004
0.23168087005615234
0.23317861557006836
0.23108196258544922
0.23180675506591797
0.2329845428466797
0.2329707145690918
0.23205947875976562
0.2330014705657959
0.23329544067382812
0.23186635971069336
0.23972225189208984
0.20108556747436523
0.20857691764831543
0.20885229110717773
0.22805166244506836
0.2305283546447754
0.23087692260742188
0.23292899131774902
0.23174548149108887
0.23208403587341309
0.23202991485595703
0.23116302490234375
0.23257660865783691
0.23291277885437012
0.22976374626159668
0.23224878311157227
0.23191118240356445
0.23278141021728516
0.2318894863128662
0.23153162002563477
0.23211050033569336
0.23092293739318848
0.23302674293518066
0.23110628128051758
0.23146581649780273
0.23093056678771973
0.23163080215454102
0.23281407356262207
0.23061156272888184
0.23174810409545898
0.23212981224060059
0.23101568222045898
0.23273563385009766
0.23172211647033691
0.23322033882141113
0.231217622756958
0.23173308372497559
0.23283028602600098
0.23086214065551758
0.2320845127105713
0.2308804988861084
0.2318744659423828
0.23317718505859375
0.23041248321533203
0.23261618614196777
0.23147201538085938
0.23089385032653809
0.23175477981567383
0.23182106018066406
0.23104572296142578
0.23067021369934082
0.2315058708190918
0.23144865036010742
0.23098492622375488
0.23172378540039062
0.2316892147064209
0.23160123825073242
0.23290109634399414
0.23214125633239746
0.23137426376342773
0.23172736167907715
0.23227381706237793
0.23089027404785156
0.2317979335784912
0.23050808906555176
0.23196911811828613
0.23147106170654297
0.23285937309265137
0.23203611373901367
0.22986626625061035
0.23178482055664062
0.23137283325195312
0.23290038108825684
0.23161649703979492
0.23161816596984863
0.2315964698791504
0.23186039924621582
0.23245596885681152
0.23293733596801758
0.23067951202392578
0.2304675579071045
0.23286652565002441
0.2337338924407959
0.23127460479736328
0.231658935546875
0.2309553623199463
0.23193907737731934
0.23250937461853027
0.2300279140472412
0.23163437843322754
0.230543851852417
0.23175978660583496
0.23361682891845703
0.23090863227844238
0.23055529594421387
0.23260116577148438
0.23080921173095703
0.23096323013305664
0.23173737525939941
0.23290562629699707
0.2315077781677246
0.2315506935119629
0.23260998725891113
0.23163342475891113
0.23134493827819824
0.2329576015472412
0.23160505294799805
0.23253393173217773
0.2313840389251709
0.23257136344909668
0.2305614948272705
0.23008441925048828
0.2330644130706787
0.23151135444641113
0.23342370986938477
0.23044776916503906
0.2303938865661621
0.23257756233215332
0.23072290420532227
0.23212575912475586
0.23146963119506836
0.22996068000793457
0.23248505592346191
0.230543851852417
0.23097872734069824
0.23046135902404785
0.23166847229003906
0.23176050186157227
0.2305586338043213
0.23235630989074707
0.23142004013061523
0.23189234733581543
0.23246169090270996
0.23195505142211914
0.23161554336547852
0.23018145561218262
0.23145031929016113
0.23275351524353027
0.2317345142364502
0.2322227954864502
0.23131489753723145
0.23078513145446777
0.23241066932678223
0.2326514720916748
0.23110723495483398
0.2313394546508789
0.23263835906982422
0.23174381256103516
0.23080992698669434
0.23151183128356934
0.23173284530639648
0.23123407363891602
0.23316693305969238
0.23150372505187988
0.23187661170959473
0.23155570030212402
0.23227810859680176
0.23257780075073242
0.2315676212310791
0.23174214363098145
0.23246359825134277
0.23083853721618652
0.23189115524291992
0.23260188102722168
0.23237133026123047
0.23052024841308594
0.23183059692382812
0.23287367820739746
0.23147892951965332
0.23187851905822754
0.23125290870666504
0.23269152641296387
0.23171401023864746
0.23157024383544922
0.23191308975219727
0.2305293083190918
0.23168659210205078
0.2317042350769043
0.23053288459777832
0.2316281795501709
0.23244714736938477
0.23253130912780762
0.2325894832611084
0.23145699501037598
0.23158693313598633
0.23180460929870605
0.23299431800842285
0.23214435577392578
0.23160815238952637
0.23085498809814453
0.23201847076416016
0.2326524257659912
0.2317180633544922
0.2316279411315918
0.23014473915100098
0.22991633415222168
0.2288227081298828
0.23076629638671875
0.2295689582824707
0.22970867156982422
0.2298426628112793
0.22893476486206055
0.2309408187866211
0.22873258590698242
0.23070812225341797
0.22998547554016113
0.22961688041687012
0.2308335304260254
0.2303299903869629
0.22910809516906738
0.22983288764953613
0.2310779094696045
0.22943353652954102
0.2290945053100586
0.22979331016540527
0.23090410232543945
0.2298436164855957
0.22920799255371094
0.2288978099822998
0.22998571395874023
0.22987818717956543
0.23067641258239746
0.23039889335632324
0.2297666072845459
0.22943687438964844
0.22916841506958008
0.22893810272216797
0.23061060905456543
0.23021745681762695
0.22983312606811523
0.22996759414672852
0.2289140224456787
0.23156285285949707
0.22955965995788574
0.22976207733154297
0.2292180061340332
0.22933506965637207
0.23046207427978516
0.2286686897277832
0.228654146194458
0.2286679744720459
0.22881293296813965
0.2309436798095703
0.22748398780822754
0.2289719581604004
0.22954154014587402
0.22913193702697754
0.2307298183441162
0.22989797592163086
0.22839641571044922
0.22948098182678223
0.22993206977844238
0.23065638542175293
0.22977852821350098
0.22968435287475586
0.22951364517211914
0.23069071769714355
0.22972774505615234
0.22989940643310547
0.2290630340576172
0.22775864601135254
0.22999167442321777
0.22925257682800293
0.23070907592773438
0.22951245307922363
0.22987818717956543
0.23007512092590332
0.23037099838256836
0.22989749908447266
0.2301499843597412
0.22943878173828125
0.22989344596862793
0.2291884422302246
0.23098182678222656
0.22855830192565918
0.230147123336792
0.23026061058044434
0.23175716400146484
0.22995996475219727
0.22968506813049316
0.23004722595214844
0.22953319549560547
0.2292170524597168
0.22986388206481934
0.22836518287658691
0.22958755493164062
0.22835469245910645
0.23160910606384277
0.22774052619934082
0.23002982139587402
0.23068547248840332
0.2287595272064209
0.23064517974853516
0.2283315658569336
0.23006033897399902
0.22882747650146484
0.22856473922729492
0.22944855690002441
0.22937941551208496
0.22982501983642578
0.23038315773010254
0.2290942668914795
0.23072385787963867
0.22965073585510254
0.23089051246643066
0.22888445854187012
0.22829461097717285
0.2301158905029297
0.22948431968688965
0.22918057441711426
0.22977018356323242
0.23053336143493652
0.2312016487121582
0.22714519500732422
0.2298870086669922
0.22992658615112305
0.22993803024291992
0.22921395301818848
0.2297348976135254
0.2293701171875
0.22827363014221191
0.23090410232543945
0.22952771186828613
0.22983670234680176
0.23012566566467285
0.23083901405334473
0.22968029975891113
0.23044753074645996
0.22991156578063965
0.22970986366271973
0.23162603378295898
0.22721099853515625
0.2310171127319336
0.22996020317077637
0.22970199584960938
0.2309274673461914
0.22863435745239258
0.23095464706420898
0.2304069995880127
0.22763538360595703
0.22959303855895996
0.23034954071044922
0.23180317878723145
0.22977042198181152
0.22817063331604004
0.22957158088684082
0.2288811206817627
0.23056912422180176
0.2298259735107422
0.22998833656311035
0.22942280769348145
0.2289879322052002
0.2312765121459961
0.22903156280517578
0.22995424270629883
0.230363130569458
0.2300717830657959
0.2305464744567871
0.22846388816833496
0.23005223274230957
0.22897887229919434
0.2298121452331543
0.2306528091430664
0.2299032211303711
0.228621244430542
0.23001480102539062
0.22973275184631348
0.22899746894836426
0.2296769618988037
0.22960972785949707
0.229050874710083
0.22979259490966797
0.23114418983459473
0.22845053672790527
0.22989821434020996
0.23172235488891602
0.23247599601745605
0.23202252388000488
0.23179078102111816
0.2325899600982666
0.23168087005615234
0.23183608055114746
0.23237013816833496
0.23211240768432617
0.23171257972717285
0.23169183731079102
0.23231768608093262
0.23203563690185547
0.23182439804077148
0.2317028045654297
0.23047757148742676
0.23170709609985352
0.23247218132019043
0.23209524154663086
0.2315073013305664
0.23185086250305176
0.23111605644226074
0.23165559768676758
0.23180651664733887
0.2303018569946289
0.23160576820373535
0.23157978057861328
0.23416614532470703
0.23102831840515137
0.22935700416564941
0.23157930374145508
0.23128032684326172
0.23220086097717285
0.2318251132965088
0.23137617111206055
0.2314443588256836
0.23169755935668945
0.23270559310913086
0.2315356731414795
0.23174142837524414
0.23124194145202637
0.23222661018371582
0.2324514389038086
0.23001456260681152
0.23159122467041016
0.23232173919677734
0.23107051849365234
0.23119688034057617
0.23221063613891602
0.23178935050964355
0.23154544830322266
0.2318277359008789
0.231736421585083
0.23156142234802246
0.2310037612915039
0.2314927577972412
0.23161840438842773
0.2308518886566162
0.23114728927612305
0.23137235641479492
0.23209452629089355
0.2314906120300293
0.2333996295928955
0.23080730438232422
0.23190999031066895
0.23226261138916016
0.23128628730773926
0.23255014419555664
0.23161983489990234
0.2310926914215088
0.23066210746765137
0.23078656196594238
0.23301291465759277
0.23111200332641602
0.23177504539489746
0.23194575309753418
0.2315654754638672
0.23260283470153809
0.23166847229003906
0.2326500415802002
0.23081207275390625
0.23167967796325684
0.23325490951538086
0.23290157318115234
0.2319028377532959
0.23156213760375977
0.23172259330749512
0.2325289249420166
0.23206257820129395
0.23169875144958496
0.23211312294006348
0.23081588745117188
0.23279666900634766
0.2327899932861328
0.2301487922668457
0.23174715042114258
0.2319016456604004
0.23182368278503418
0.23215413093566895
0.23206806182861328
0.23204398155212402
0.230818510055542
0.23274707794189453
0.23202800750732422
0.23191022872924805
0.23167085647583008
0.23159146308898926
0.23290443420410156
0.2318406105041504
0.23017024993896484
0.23286104202270508
0.23063015937805176
0.23297643661499023
0.23243498802185059
0.23181676864624023
0.2318408489227295
0.23204350471496582
0.2335960865020752
0.23118257522583008
0.23183584213256836
0.2317366600036621
0.23116493225097656
0.2328348159790039
0.23315906524658203
0.23190021514892578
0.23186302185058594
0.23177361488342285
0.23271465301513672
0.23254179954528809
0.23178720474243164
0.23281121253967285
0.23284006118774414
0.23312592506408691
0.23189306259155273
0.2320101261138916
0.23183441162109375
0.23131704330444336
0.2317638397216797
0.2320537567138672
0.23176240921020508
0.23193717002868652
0.23276400566101074
0.23208928108215332
0.23201680183410645
0.23299360275268555
0.22969532012939453
0.23227953910827637
0.23108506202697754
0.23282241821289062
0.23098540306091309
0.23206377029418945
0.23184823989868164
0.23155426979064941
0.23004412651062012
0.23244714736938477
0.2318415641784668
0.23187804222106934
0.2310504913330078
0.23258376121520996
0.23038530349731445
0.23119139671325684
0.23261761665344238
0.23146533966064453
0.231400728225708
0.23159122467041016
0.23264050483703613
0.23187828063964844
0.23270392417907715
0.2317197322845459
0.23161983489990234
0.23199129104614258
0.23183536529541016
0.23053240776062012
0.2317671775817871
0.23146438598632812
0.23081707954406738
0.22816991806030273
0.2293710708618164
0.23015570640563965
0.23041701316833496
0.2300105094909668
0.2297661304473877
0.22922062873840332
0.22965002059936523
0.2299184799194336
0.22977542877197266
0.22899270057678223
0.23059606552124023
0.22893452644348145
0.23048853874206543
0.2290024757385254
0.2285165786743164
0.23005056381225586
0.22848939895629883
0.22887802124023438
0.23023009300231934
0.23056721687316895
0.2307281494140625
0.2295546531677246
0.22994780540466309
0.2294785976409912
0.22829675674438477
0.23131799697875977
0.22840070724487305
0.22843217849731445
0.23004841804504395
0.23038792610168457
0.22986388206481934
0.2299025058746338
0.23041081428527832
0.2295849323272705
0.22971224784851074
0.22994399070739746
0.22956514358520508
0.22979331016540527
0.22832798957824707
0.2288358211517334
0.2305154800415039
0.22962260246276855
0.22997713088989258
0.22980737686157227
0.22858262062072754
0.23126816749572754
0.23085927963256836
0.2287747859954834
0.227982759475708
0.23041462898254395
0.23179411888122559
0.22999072074890137
0.22910523414611816
0.2297680377960205
0.229356050491333
0.23031210899353027
0.22971272468566895
0.22884249687194824
0.22898054122924805
0.23016023635864258
0.23143911361694336
0.2286391258239746
0.22834253311157227
0.22983479499816895
0.22879886627197266
0.23082470893859863
0.2303762435913086
0.22981786727905273
0.22863173484802246
0.22992897033691406
0.23081302642822266
0.22890400886535645
0.22977924346923828
0.23027539253234863
0.22990036010742188
0.23041796684265137
0.2291865348815918
0.22966718673706055
0.22737956047058105
0.22963595390319824
0.23128271102905273
0.22974157333374023
0.2292919158935547
0.22875332832336426
0.23050546646118164
0.2310645580291748
0.23000240325927734
0.22958827018737793
0.22986817359924316
0.22952032089233398
0.22968792915344238
0.22998428344726562
0.22876310348510742
0.22969412803649902
0.23061227798461914
0.22890353202819824
0.22968149185180664
0.2304530143737793
0.2309587001800537
0.22984766960144043
0.230696439743042
0.22994565963745117
0.22860002517700195
0.23006081581115723
0.22870254516601562
0.2301473617553711
0.22908639907836914
0.22966384887695312
0.23070073127746582
0.22891736030578613
0.23085260391235352
0.229386568069458
0.22815656661987305
0.2265620231628418
0.2269439697265625
0.22870326042175293
0.2305283546447754
0.23201656341552734
0.23197650909423828
0.23221707344055176
0.2327406406402588
0.23189330101013184
0.23216843605041504
0.23181962966918945
0.23180603981018066
0.23384642601013184
0.2310621738433838
0.23205995559692383
0.23229479789733887
0.23120546340942383
0.23261523246765137
0.23186254501342773
0.23218917846679688
0.23190808296203613
0.2308638095855713
0.23290777206420898
0.23185348510742188
0.23051905632019043
0.23229336738586426
0.23044800758361816
0.23277902603149414
0.23189949989318848
0.23134374618530273
0.230438232421875
0.23165130615234375
0.23386931419372559
0.2318708896636963
0.2319784164428711
0.23071956634521484
0.2328946590423584
0.23290276527404785
0.23212480545043945
0.23018980026245117
0.23198604583740234
0.23191571235656738
0.23330903053283691
0.23270821571350098
0.2309553623199463
0.23187708854675293
0.23299455642700195
0.23179316520690918
0.23032879829406738
0.2321336269378662
0.23219013214111328
0.23195648193359375
0.2328624725341797
0.23205780982971191
0.2321021556854248
0.23139381408691406
0.23264098167419434
0.23306703567504883
0.23202776908874512
0.23189973831176758
0.23220086097717285
0.23092389106750488
0.23320341110229492
0.23182892799377441
0.23148441314697266
0.2320268154144287
0.2320694923400879
0.23168683052062988
0.23179101943969727
0.23166537284851074
0.23128271102905273
0.23191332817077637
0.231215238571167
0.23505330085754395
0.23201918601989746
0.23129725456237793
0.23180127143859863
0.23358583450317383
0.23127532005310059
0.23164916038513184
0.2325303554534912
0.23314571380615234
0.2317948341369629
0.23174691200256348
0.2308366298675537
0.23206186294555664
0.2318887710571289
0.23271393775939941
0.23220038414001465
0.2317965030670166
0.2334129810333252
0.2318565845489502
0.2317047119140625
0.23215603828430176
0.2324352264404297
0.2312002182006836
0.23032593727111816
0.23393583297729492
0.23188018798828125
0.23164653778076172
0.231978178024292
0.23021745681762695
0.23262310028076172
0.23104500770568848
0.2318556308746338
0.23198175430297852
0.2321181297302246
0.23274660110473633
0.2330024242401123
0.2300264835357666
0.2322075366973877
0.2323896884918213
0.23282337188720703
0.23187041282653809
0.23198533058166504
0.23157906532287598
0.23182058334350586
0.23289036750793457
0.23213458061218262
0.23270201683044434
0.23126649856567383
0.23200511932373047
0.23375821113586426
0.23083090782165527
0.23178625106811523
0.23138713836669922
0.23104548454284668
0.23284244537353516
0.23236584663391113
0.23296833038330078
0.23168087005615234
0.23203158378601074
0.232818603515625
0.23218584060668945
0.2309741973876953
0.23297905921936035
0.23120737075805664
0.23279309272766113
0.23206830024719238
0.2324967384338379
0.23102092742919922
0.23096847534179688
0.23353838920593262
0.23296380043029785
0.231858491897583
0.23154783248901367
0.232163667678833
0.23301911354064941
0.23198795318603516
0.23180842399597168
0.2318706512451172
0.23098492622375488
0.2325119972229004
0.23311257362365723
0.2299940586090088
0.2319173812866211
0.2332308292388916
0.23189043998718262
0.23200106620788574
0.23193693161010742
0.23282313346862793
0.23084306716918945
0.23299431800842285
0.23175525665283203
0.2316446304321289
0.23184442520141602
0.2328336238861084
0.2328507900238037
0.23212838172912598
0.23246049880981445
0.23125433921813965
0.23105168342590332
0.23300385475158691
0.23234987258911133
0.2320268154144287
0.23185276985168457
0.23195981979370117
0.23355484008789062
0.23159170150756836
0.23192286491394043
0.23174643516540527
0.23097920417785645
0.23188018798828125
0.23210954666137695
0.23132872581481934
0.2315995693206787
0.23206186294555664
0.23360443115234375
0.23078322410583496
0.23185348510742188
0.23262310028076172
0.23294830322265625
0.23285794258117676
0.23178386688232422
0.23217225074768066
0.23167967796325684
0.23193740844726562
0.23383092880249023
0.23207926750183105
0.23166298866271973
0.23162436485290527
0.23270773887634277
0.2323012351989746
0.22982144355773926
0.23286223411560059
0.2318415641784668
0.23186397552490234
0.2329719066619873
0.23140573501586914
0.2316122055053711
0.23240995407104492
0.23191165924072266
0.23110127449035645
0.23123431205749512
0.23569393157958984
0.23113274574279785
0.23186397552490234
0.2326962947845459
0.2326982021331787
0.2297496795654297
0.2320389747619629
0.23084735870361328
0.23379755020141602
0.23091387748718262
0.23153305053710938
0.23168373107910156
0.23167204856872559
0.23212122917175293
0.23201656341552734
0.23155498504638672
0.23204660415649414
0.23017191886901855
0.23321866989135742
0.23013854026794434
0.2321023941040039
0.232802152633667
0.23092126846313477
0.23279142379760742
0.23203444480895996
0.23276877403259277
0.23174476623535156
0.2330923080444336
0.2314743995666504
0.23142457008361816
0.23166799545288086
0.23237395286560059
0.23086023330688477
0.23233389854431152
0.2308664321899414
0.2328958511352539
0.2301950454711914
0.23015856742858887
0.23383021354675293
0.23285365104675293
0.23138213157653809
0.2315046787261963
0.23166990280151367
0.23253607749938965
0.2304830551147461
0.23146700859069824
0.23010754585266113
0.23176097869873047
0.23223209381103516
0.2323455810546875
0.23064756393432617
0.22993087768554688
0.23278355598449707
0.2314760684967041
0.23170256614685059
0.23200297355651855
0.23264288902282715
0.23141074180603027
0.23273992538452148
0.23097562789916992
0.23161697387695312
0.23143935203552246
0.23258185386657715
0.23267292976379395
0.23203563690185547
0.23157739639282227
0.23178577423095703
0.23085927963256836
0.23230314254760742
0.23256468772888184
0.23227572441101074
0.23093962669372559
0.23159122467041016
0.2323462963104248
0.23087835311889648
0.2317066192626953
0.23208975791931152
0.23166227340698242
0.23209714889526367
0.23159503936767578
0.23244190216064453
0.22965693473815918
0.2311093807220459
0.2337033748626709
0.2308030128479004
0.23016834259033203
0.23174142837524414
0.23264074325561523
0.23279500007629395
0.23162055015563965
0.23019027709960938
0.23164701461791992
0.23029804229736328
0.2332315444946289
0.23158049583435059
0.2299964427947998
0.23178339004516602
0.23278260231018066
0.2314925193786621
0.23277497291564941
0.23109006881713867
0.2318587303161621
0.23136186599731445
0.2327566146850586
0.23078465461730957
0.23139047622680664
0.23175644874572754
0.23031973838806152
0.23395180702209473
0.22989368438720703
0.231642484664917
0.2323899269104004
0.23109817504882812
0.232130765914917
0.2310018539428711
0.2317335605621338
0.2313680648803711
0.23165225982666016
0.23303699493408203
0.2319185733795166
0.2315683364868164
0.23332643508911133
0.23177695274353027
0.23281311988830566
0.23127460479736328
0.23308634757995605
0.23099708557128906
0.231522798538208
0.23417448997497559
0.23200368881225586
0.23180508613586426
0.2321317195892334
0.23197698593139648
0.23178601264953613
0.2323927879333496
0.23181605339050293
0.23176956176757812
0.23152875900268555
0.2328815460205078
0.2321481704711914
0.23015785217285156
0.23197722434997559
0.23241829872131348
0.2322533130645752
0.23209190368652344
0.23266077041625977
0.232680082321167
0.23079705238342285
0.23271632194519043
0.23215007781982422
0.23023247718811035
0.23109936714172363
0.23179054260253906
0.23352360725402832
0.23106813430786133
0.23021411895751953
0.23209095001220703
0.23064804077148438
0.23305630683898926
0.23235130310058594
0.23129582405090332
0.23058104515075684
0.2322101593017578
0.23381400108337402
0.23193025588989258
0.23174357414245605
0.23134660720825195
0.23218750953674316
0.232832670211792
0.23175787925720215
0.23164892196655273
0.23350811004638672
0.2303626537322998
0.23203325271606445
0.23121857643127441
0.23154926300048828
0.2325899600982666
0.2321023941040039
0.2311089038848877
0.2322535514831543
0.2314159870147705
0.2321634292602539
0.23193597793579102
0.23287558555603027
0.23187589645385742
0.23201942443847656
0.23213791847229004
0.23042678833007812
0.23108458518981934
0.23201823234558105
0.23186850547790527
0.22988057136535645
0.2306520938873291
0.2320857048034668
0.23076367378234863
0.23225617408752441
0.23171520233154297
0.2328324317932129
0.23286843299865723
0.2318720817565918
0.2315385341644287
0.2309403419494629
0.2308664321899414
0.2329270839691162
0.23202228546142578
0.23110294342041016
0.23164796829223633
0.23268914222717285
0.23228883743286133
0.2317497730255127
0.23209524154663086
0.23149919509887695
0.23199772834777832
0.23149991035461426
0.23192071914672852
0.23207783699035645
0.22646164894104004
0.22609281539916992
0.22713470458984375
0.22635483741760254
0.22568249702453613
0.22632455825805664
0.22642946243286133
0.22716474533081055
0.22700190544128418
0.22518467903137207
0.2266402244567871
0.22687745094299316
0.22844767570495605
0.2259213924407959
0.22664713859558105
0.2259068489074707
0.22612714767456055
0.22693228721618652
0.2261066436767578
0.22733187675476074
0.2257399559020996
0.2261066436767578
0.22803711891174316
0.22572064399719238
0.2266247272491455
0.22705936431884766
0.2250368595123291
0.2286539077758789
0.22564172744750977
0.22750282287597656
0.22611522674560547
0.22628307342529297
0.2274785041809082
0.22582364082336426
0.22658109664916992
0.2265946865081787
0.2262892723083496
0.2272038459777832
0.22594642639160156
0.22712397575378418
0.2231760025024414
0.2239980697631836
0.22538161277770996
0.22422146797180176
0.22394227981567383
0.22419095039367676
0.22475504875183105
0.22500061988830566
0.22403764724731445
0.22399687767028809
0.22430181503295898
0.23201990127563477
0.23280954360961914
0.23181867599487305
0.23137688636779785
0.2301344871520996
0.23065781593322754
0.22958803176879883
0.2299187183380127
0.23012638092041016
0.22986578941345215
0.229583740234375
0.23099255561828613
0.22945451736450195
0.22880291938781738
0.2298755645751953
0.22834372520446777
0.23070836067199707
0.2287280559539795
0.23017358779907227
0.22971248626708984
0.22993111610412598
0.23004817962646484
0.2305278778076172
0.22814559936523438
0.22969365119934082
0.230513334274292
0.23142528533935547
0.22974824905395508
0.2296907901763916
0.22982096672058105
0.22885704040527344
0.23061656951904297
0.22998929023742676
0.2304227352142334
0.22941851615905762
0.2297825813293457
0.2316281795501709
0.22891950607299805
0.22999072074890137
0.2291572093963623
0.2281181812286377
0.23089814186096191
0.23001432418823242
0.23065447807312012
0.22997474670410156
0.2297821044921875
0.2306828498840332
0.2298266887664795
0.23110342025756836
0.22959589958190918
0.2295362949371338
0.23051929473876953
0.22994756698608398
0.23072504997253418
0.2291109561920166
0.22942304611206055
0.2321786880493164
0.23069286346435547
0.22959280014038086
0.23241448402404785
0.22879600524902344
0.23089027404785156
0.22965669631958008
0.22960710525512695
0.23035526275634766
0.2293252944946289
0.23070597648620605
0.2306666374206543
0.22756147384643555
0.22965121269226074
0.2309856414794922
0.23001885414123535
0.2297534942626953
0.23025822639465332
0.2295534610748291
0.2299671173095703
0.23085665702819824
0.22966241836547852
0.2298734188079834
0.22956228256225586
0.2304825782775879
0.2307729721069336
0.22993040084838867
0.22980284690856934
0.23015952110290527
0.2290630340576172
0.23087835311889648
0.2303624153137207
0.23085737228393555
0.2292768955230713
0.22867774963378906
0.23083257675170898
0.22980141639709473
0.22971248626708984
0.22972893714904785
0.2299025058746338
0.23004841804504395
0.2299182415008545
0.2304389476776123
0.22800683975219727
0.22963571548461914
0.23004436492919922
0.22862815856933594
0.22880125045776367
0.23031306266784668
0.2309589385986328
0.23077845573425293
0.23003387451171875
0.22963690757751465
0.22976303100585938
0.22950363159179688
0.2297801971435547
0.2291247844696045
0.23070240020751953
0.22819232940673828
0.23153185844421387
0.23192477226257324
0.2311267852783203
0.2326798439025879
0.23324799537658691
0.2335951328277588
0.23125624656677246
0.2309856414794922
0.2304074764251709
0.2311098575592041
0.23074030876159668
0.23246145248413086
0.22995352745056152
0.22653698921203613
0.22697138786315918
0.2248990535736084
0.23185968399047852
0.23126721382141113
0.2313394546508789
0.22929096221923828
0.23005175590515137
0.23167157173156738
0.2298111915588379
0.22939324378967285
0.2291097640991211
0.229691743850708
0.2308063507080078
0.2293548583984375
0.23012089729309082
0.22921204566955566
0.228651762008667
0.23076200485229492
0.22863388061523438
0.22889947891235352
0.2307438850402832
0.22958946228027344
0.22978901863098145
0.23029088973999023
0.22954845428466797
0.22961163520812988
0.22975540161132812
0.23048901557922363
0.22983026504516602
0.22958755493164062
0.22890138626098633
0.22987651824951172
0.23048615455627441
0.22980260848999023
0.23055577278137207
0.22737383842468262
0.22976326942443848
0.23140645027160645
0.23105883598327637
0.2288646697998047
0.22970223426818848
0.2295830249786377
0.23048090934753418
0.23004364967346191
0.2299032211303711
0.23035478591918945
0.22925853729248047
0.23106956481933594
0.2306349277496338
0.2287921905517578
0.22985529899597168
0.23070144653320312
0.22980642318725586
0.2298874855041504
0.23281192779541016
0.23266816139221191
0.23211050033569336
0.23299503326416016
0.23191523551940918
0.23199057579040527
0.23145127296447754
0.23270559310913086
0.23274683952331543
0.23341727256774902
0.23039484024047852
0.23209047317504883
0.2310314178466797
0.23239898681640625
0.23306560516357422
0.2317957878112793
0.2319338321685791
0.23188543319702148
0.23306560516357422
0.23192501068115234
0.2319340705871582
0.23167920112609863
0.23268985748291016
0.2324843406677246
0.23103547096252441
0.23249030113220215
0.2301342487335205
0.23173761367797852
0.23215079307556152
0.2313063144683838
0.23101162910461426
0.23259639739990234
0.23294663429260254
0.23276805877685547
0.23226308822631836
0.23156499862670898
0.23198723793029785
0.23206281661987305
0.23284435272216797
0.231597900390625
0.23157024383544922
0.23111200332641602
0.2318868637084961
0.23066425323486328
0.23216533660888672
0.23278069496154785
0.23211121559143066
0.23174142837524414
0.23142361640930176
0.23098087310791016
0.2316434383392334
0.23201894760131836
0.2309572696685791
0.2325890064239502
0.23117876052856445
0.23190045356750488
0.2327592372894287
0.22982263565063477
0.2328026294708252
0.2326042652130127
0.23035430908203125
0.23174142837524414
0.23062777519226074
0.23294639587402344
0.23191070556640625
0.23206591606140137
0.2321016788482666
0.23032212257385254
0.2320404052734375
0.23150920867919922
0.23195528984069824
0.23093008995056152
0.23165035247802734
0.23307275772094727
0.23076415061950684
0.23223042488098145
0.2322845458984375
0.2316884994506836
0.23190689086914062
0.23061633110046387
0.2311713695526123
0.2330780029296875
0.22974753379821777
0.23230695724487305
0.23224234580993652
0.23100733757019043
0.23079442977905273
0.23067736625671387
0.2331705093383789
0.2319025993347168
0.23187494277954102
0.23085570335388184
0.23152709007263184
0.23380112648010254
0.23306536674499512
0.23085951805114746
0.23177409172058105
0.2308814525604248
0.23296594619750977
0.23110699653625488
0.23283743858337402
0.23281097412109375
0.23120713233947754
0.23276853561401367
0.2328176498413086
0.23030948638916016
0.23178458213806152
0.23261332511901855
0.23202991485595703
0.23206615447998047
0.23032021522521973
0.23284530639648438
0.23167181015014648
0.23312878608703613
0.23188233375549316
0.2301945686340332
0.23027515411376953
0.23407530784606934
0.23182296752929688
0.23170185089111328
0.2301347255706787
0.23274946212768555
0.23036742210388184
0.2357015609741211
0.2315824031829834
0.2327260971069336
0.23180031776428223
0.231642484664917
0.2325136661529541
0.23050951957702637
0.23192954063415527
0.23070526123046875
0.23061776161193848
0.23230338096618652
0.23111319541931152
0.23176264762878418
0.22961044311523438
0.23156404495239258
0.2321934700012207
0.23167967796325684
0.23073029518127441
0.23058390617370605
0.23176288604736328
0.2328038215637207
0.23031044006347656
0.23157882690429688
0.23001575469970703
0.2312471866607666
0.23205161094665527
0.2326345443725586
0.23078465461730957
0.23028039932250977
0.2317218780517578
0.23169159889221191
0.23034358024597168
0.2318253517150879
0.23270034790039062
0.23155927658081055
0.23234868049621582
0.23160552978515625
0.23080921173095703
0.2317030429840088
0.23239374160766602
0.23232507705688477
0.23208165168762207
0.2317061424255371
0.2320404052734375
0.22957515716552734
0.23274874687194824
0.23175525665283203
0.23299384117126465
0.23144793510437012
0.23083925247192383
0.23282694816589355
0.23195672035217285
0.23160624504089355
0.23079633712768555
0.23058414459228516
0.23266863822937012
0.2316443920135498
0.23079991340637207
0.230698823928833
0.23027467727661133
0.23319625854492188
0.23106670379638672
0.23166894912719727
0.231339693069458
0.23149561882019043
0.23256683349609375
0.2308812141418457
0.23145818710327148
0.23128628730773926
0.23102784156799316
0.23351693153381348
