0.40617895126342773
0.264324426651001
0.2997570037841797
0.2613694667816162
0.2625415325164795
0.262343168258667
0.2633073329925537
0.2648186683654785
0.2639784812927246
0.2659115791320801
0.2642216682434082
0.2634165287017822
0.26078152656555176
0.2626683712005615
0.27276039123535156
0.2635014057159424
0.2653524875640869
0.2661256790161133
0.2657158374786377
0.26598119735717773
0.26491332054138184
0.26564812660217285
0.2657895088195801
0.2658684253692627
0.2653944492340088
0.2733902931213379
0.2634463310241699
0.30626654624938965
0.30348968505859375
0.30460143089294434
0.3053600788116455
0.3030130863189697
0.2766084671020508
0.2711520195007324
0.271409273147583
0.27592015266418457
0.30230188369750977
0.30432987213134766
0.30609560012817383
0.30416226387023926
0.30392932891845703
0.3027076721191406
0.3057279586791992
0.3025858402252197
0.3043801784515381
0.30484843254089355
0.3033108711242676
0.3052842617034912
0.3029146194458008
0.3032386302947998
0.3015143871307373
0.3025484085083008
0.3060295581817627
0.3064084053039551
0.30344390869140625
0.284604549407959
0.30437731742858887
0.30514073371887207
0.3032526969909668
0.3043100833892822
0.27132678031921387
0.3034336566925049
0.3041343688964844
0.30236053466796875
0.3030569553375244
0.30095696449279785
0.30374670028686523
0.3107743263244629
0.30304431915283203
0.30419349670410156
0.3033616542816162
0.29952096939086914
0.3016953468322754
0.30393004417419434
0.3054816722869873
0.30268073081970215
0.3028895854949951
0.3045070171356201
0.3026423454284668
0.3044452667236328
0.30254697799682617
0.3027665615081787
0.30437564849853516
0.302964448928833
0.3053748607635498
0.3022115230560303
0.2755093574523926
0.27062392234802246
0.2723381519317627
0.3037278652191162
0.30580592155456543
0.3032064437866211
0.30391716957092285
0.30246949195861816
0.3046293258666992
0.30528783798217773
0.3027074337005615
0.3039894104003906
0.30454277992248535
0.3026142120361328
0.30545949935913086
0.30280256271362305
0.3031730651855469
0.3026082515716553
0.30452966690063477
0.3030879497528076
0.30196094512939453
0.30530595779418945
0.3025197982788086
0.3030111789703369
0.2932243347167969
0.302746057510376
0.3052818775177002
0.30281877517700195
0.3045356273651123
0.3063933849334717
0.3016071319580078
0.3060626983642578
0.30354881286621094
0.30462074279785156
0.27123141288757324
0.3019704818725586
0.305128812789917
0.30220508575439453
0.30452704429626465
0.3058931827545166
0.3016350269317627
0.30417490005493164
0.30556273460388184
0.30427122116088867
0.30079197883605957
0.30194783210754395
0.3054943084716797
0.2710270881652832
0.2709922790527344
0.27086806297302246
0.2698237895965576
0.3050694465637207
0.30457377433776855
0.30367612838745117
0.30507898330688477
0.30170679092407227
0.30493617057800293
0.30281543731689453
0.30404067039489746
0.30264735221862793
0.3016986846923828
0.3043215274810791
0.3028140068054199
0.3044891357421875
0.30570244789123535
0.30086827278137207
0.3041396141052246
0.3056807518005371
0.30352139472961426
0.30211853981018066
0.3018825054168701
0.30420517921447754
0.30503106117248535
0.3015713691711426
0.30495786666870117
0.3019297122955322
0.30298328399658203
0.30557942390441895
0.3032848834991455
0.30402278900146484
0.30155515670776367
0.3015172481536865
0.3007490634918213
0.3025624752044678
0.30466771125793457
0.3051950931549072
0.30080389976501465
0.3038206100463867
0.3058290481567383
0.3025670051574707
0.3019704818725586
0.3020312786102295
0.30397987365722656
0.3018913269042969
0.3062760829925537
0.306102991104126
0.3013615608215332
0.30379724502563477
0.30192041397094727
0.303847074508667
0.30083751678466797
0.3042006492614746
0.3011794090270996
0.3032712936401367
0.3043038845062256
0.2739553451538086
0.2706105709075928
0.2703578472137451
0.2715799808502197
0.27171969413757324
0.2693300247192383
0.27167272567749023
0.27172112464904785
0.2707228660583496
0.2708134651184082
0.26850199699401855
0.27150702476501465
0.2705862522125244
0.27097344398498535
0.2713613510131836
0.2676670551300049
0.2717595100402832
0.2718620300292969
0.270221471786499
0.2690742015838623
0.2711043357849121
0.272907018661499
0.27055788040161133
0.2706742286682129
0.2713472843170166
0.270005464553833
0.30480384826660156
0.3021397590637207
0.304523229598999
0.3004441261291504
0.30141186714172363
0.3031744956970215
0.30135178565979004
0.30403757095336914
0.30082154273986816
0.30330944061279297
0.3043851852416992
0.30391740798950195
0.3028676509857178
0.3048698902130127
0.3016319274902344
0.30356335639953613
0.3043973445892334
0.3025946617126465
0.30370306968688965
0.3042304515838623
0.30301618576049805
0.3011603355407715
0.30341553688049316
0.3011593818664551
0.30075860023498535
0.30427098274230957
0.30214476585388184
0.303835391998291
0.3006160259246826
0.3031456470489502
0.3047914505004883
0.301952600479126
0.3034956455230713
0.2997274398803711
0.302992582321167
0.30450010299682617
0.3028275966644287
0.3036656379699707
0.3010709285736084
0.30384230613708496
0.3052356243133545
0.30232667922973633
0.30380702018737793
0.30144381523132324
0.300861120223999
0.3040742874145508
0.30574822425842285
0.3022942543029785
0.3049888610839844
0.3012268543243408
0.30441951751708984
0.30144739151000977
0.30378079414367676
0.29956555366516113
0.30053043365478516
0.3049507141113281
0.3022644519805908
0.30465245246887207
0.2996082305908203
0.3025801181793213
0.3047165870666504
0.3027348518371582
0.30402159690856934
0.2999405860900879
0.30335354804992676
0.30547237396240234
0.30257105827331543
0.3047046661376953
0.2992215156555176
0.3033742904663086
0.3059694766998291
0.3063392639160156
0.3039364814758301
0.26953721046447754
0.27053141593933105
0.27142882347106934
0.2704019546508789
0.2724039554595947
0.2703673839569092
0.27086496353149414
0.27191948890686035
0.2712414264678955
0.27001261711120605
0.2686452865600586
0.27093982696533203
0.2741985321044922
0.2698824405670166
0.30320143699645996
0.30161476135253906
0.3030824661254883
0.30489397048950195
0.30550122261047363
0.3039546012878418
0.30370259284973145
0.30286097526550293
0.3050215244293213
0.30175185203552246
0.3040175437927246
0.3042747974395752
0.3023242950439453
0.3050224781036377
0.30246758460998535
0.3050220012664795
0.30011415481567383
0.30321621894836426
0.27652454376220703
0.2706458568572998
0.270721435546875
0.30181264877319336
0.30428266525268555
0.30231404304504395
0.30348992347717285
0.3028268814086914
0.30135655403137207
0.3046588897705078
0.3035287857055664
0.3038201332092285
0.3003804683685303
0.2996945381164551
0.30303359031677246
0.30442285537719727
0.3024477958679199
0.30263376235961914
0.30464863777160645
0.3022737503051758
0.30431413650512695
0.3064711093902588
0.3023996353149414
0.3024885654449463
0.3030416965484619
0.3007071018218994
0.30305051803588867
0.29898762702941895
0.30061912536621094
0.30304861068725586
0.30505800247192383
0.30315518379211426
0.3027658462524414
0.30208420753479004
0.3042764663696289
0.30257654190063477
0.3024742603302002
0.2998497486114502
0.30290722846984863
0.30330634117126465
0.30556178092956543
0.30371570587158203
0.30295491218566895
0.3008272647857666
0.3025531768798828
0.30541229248046875
0.2744450569152832
0.27904224395751953
0.3014187812805176
0.3029358386993408
0.30570197105407715
0.3018803596496582
0.30303525924682617
0.29939985275268555
0.3044474124908447
0.30231428146362305
0.30277085304260254
0.3028581142425537
0.2843332290649414
0.3041868209838867
0.30237245559692383
0.3026235103607178
0.3049049377441406
0.30300402641296387
0.2705512046813965
0.3028876781463623
0.30301690101623535
0.3025641441345215
0.3019371032714844
0.3056612014770508
0.30149269104003906
0.30185890197753906
0.30002808570861816
0.3026561737060547
0.30340003967285156
0.30535030364990234
0.3031003475189209
0.3024468421936035
0.30238914489746094
0.3049943447113037
0.2769744396209717
0.30285215377807617
0.2994575500488281
0.30303430557250977
0.3001420497894287
0.30325794219970703
0.30254364013671875
0.3009624481201172
0.3033261299133301
0.29865407943725586
0.30232954025268555
0.30301833152770996
0.30159616470336914
0.27094006538391113
0.30050015449523926
0.3018646240234375
0.3000767230987549
0.3026752471923828
0.30312299728393555
0.30176734924316406
0.30367565155029297
0.299591064453125
0.3026738166809082
0.3051471710205078
0.3023250102996826
0.2736203670501709
0.2701687812805176
0.2698690891265869
0.26981139183044434
0.2704885005950928
0.30280208587646484
0.3011798858642578
0.3039968013763428
0.3017711639404297
0.3012125492095947
0.30162882804870605
0.30246686935424805
0.3038201332092285
0.3006441593170166
0.30170464515686035
0.3050203323364258
0.3031141757965088
0.3024742603302002
0.27508044242858887
0.27117109298706055
0.2701694965362549
0.26988863945007324
0.2713277339935303
0.27056360244750977
0.2696511745452881
0.2701747417449951
0.2712669372558594
0.2692446708679199
0.2701096534729004
0.2698366641998291
0.27211904525756836
0.2707080841064453
0.27011919021606445
0.2706754207611084
0.27068185806274414
0.27138614654541016
0.27089977264404297
0.2705380916595459
0.27005696296691895
0.2700507640838623
0.272078275680542
0.3013925552368164
0.30359387397766113
0.3043370246887207
0.30120277404785156
0.3043334484100342
0.301558256149292
0.30339789390563965
0.3037590980529785
0.30199408531188965
0.3018608093261719
0.3039529323577881
0.30153632164001465
0.3037896156311035
0.30238819122314453
0.3019249439239502
0.3006734848022461
0.30364441871643066
0.29973292350769043
0.3009815216064453
0.3045206069946289
0.2762272357940674
0.27062129974365234
0.27045178413391113
0.3022003173828125
0.30231618881225586
0.30355262756347656
0.3026857376098633
0.2877817153930664
0.30144214630126953
0.3044142723083496
0.3050253391265869
0.301605224609375
0.30033159255981445
0.30378127098083496
0.3033335208892822
0.30376267433166504
0.30213117599487305
0.3041970729827881
0.30147290229797363
0.2738683223724365
0.270937442779541
0.26956748962402344
0.26929163932800293
0.27073168754577637
0.30153608322143555
0.2991185188293457
0.3020329475402832
0.3042731285095215
0.30072712898254395
0.30366086959838867
0.3050234317779541
0.3012702465057373
0.30379152297973633
0.30188941955566406
0.30359983444213867
0.3011915683746338
0.30275487899780273
0.3044445514678955
0.3004798889160156
0.30888915061950684
0.3023509979248047
0.3040177822113037
0.30191612243652344
0.2753608226776123
0.2718088626861572
0.26834869384765625
0.2691502571105957
0.2695934772491455
0.27058911323547363
0.2713890075683594
0.3030691146850586
0.30127406120300293
0.30245471000671387
0.30443668365478516
0.30124664306640625
0.30172276496887207
0.2995572090148926
0.3031487464904785
0.3045222759246826
0.30115342140197754
0.3027994632720947
0.3041646480560303
0.3019092082977295
0.30133962631225586
0.30425095558166504
0.2994213104248047
0.30184173583984375
0.2989230155944824
0.3017280101776123
0.30387091636657715
0.30033326148986816
0.3000338077545166
0.30051088333129883
0.3015561103820801
0.3030722141265869
0.30130791664123535
0.30205202102661133
0.30045342445373535
0.30246567726135254
0.303666353225708
0.30160069465637207
0.2991805076599121
0.3010244369506836
0.3030688762664795
0.2993502616882324
0.3000469207763672
0.30348801612854004
0.2999598979949951
0.30283689498901367
0.3032248020172119
0.3016853332519531
0.30256175994873047
0.30089569091796875
0.3020040988922119
0.3014497756958008
0.30158567428588867
0.30291223526000977
0.26932334899902344
0.2686882019042969
0.26921772956848145
0.2689979076385498
0.2673156261444092
0.2701852321624756
0.2684299945831299
0.26718759536743164
0.2690091133117676
0.26964879035949707
0.2700808048248291
0.2689094543457031
0.26821017265319824
0.2692098617553711
0.26845788955688477
0.26920032501220703
0.268322229385376
0.2702951431274414
0.2683689594268799
0.26884007453918457
0.26972293853759766
0.26806116104125977
0.2698218822479248
0.26996636390686035
0.2701454162597656
0.26892542839050293
0.2737739086151123
0.26773786544799805
0.268604040145874
0.2680320739746094
0.26923131942749023
0.26910924911499023
0.2698523998260498
0.2686314582824707
0.27009081840515137
0.2680957317352295
0.29899072647094727
0.2704133987426758
0.26756930351257324
0.26822543144226074
0.2689945697784424
0.2680087089538574
0.2699751853942871
0.2683882713317871
0.2689545154571533
0.26815104484558105
0.26765012741088867
0.2690260410308838
0.2678372859954834
0.2682533264160156
0.26889991760253906
0.26801323890686035
0.2687525749206543
0.26799678802490234
0.26921749114990234
0.26991724967956543
0.26746058464050293
0.2695894241333008
0.2687838077545166
0.2692117691040039
0.2689664363861084
0.2687091827392578
0.2683248519897461
0.2681436538696289
0.30187296867370605
0.2684147357940674
0.26668787002563477
0.26982593536376953
0.26880550384521484
0.26832151412963867
0.2671692371368408
0.26886868476867676
0.27019262313842773
0.2686424255371094
0.26934218406677246
0.26717591285705566
0.26906561851501465
0.27060675621032715
0.3003079891204834
0.2689476013183594
0.26705288887023926
0.2683253288269043
0.27089476585388184
0.26801371574401855
0.2667069435119629
0.3009836673736572
0.3025848865509033
0.3033766746520996
0.3004181385040283
0.29943013191223145
0.29853367805480957
0.30182480812072754
0.30289769172668457
0.3005661964416504
0.3020033836364746
0.30112576484680176
0.3015584945678711
0.2995419502258301
0.30048465728759766
0.27359771728515625
0.2683384418487549
0.26874375343322754
0.26912951469421387
0.2690756320953369
0.26804471015930176
0.26915884017944336
0.3014352321624756
0.30440497398376465
0.3015446662902832
0.3011815547943115
0.3011667728424072
0.2721376419067383
0.2701854705810547
0.2698812484741211
0.2682321071624756
0.268796443939209
0.27016139030456543
0.2711148262023926
0.26934218406677246
0.26892852783203125
0.30431365966796875
0.2678334712982178
0.2697110176086426
0.270122766494751
0.26961612701416016
0.2686324119567871
0.269150972366333
0.2713315486907959
0.26808929443359375
0.26717400550842285
0.2698490619659424
0.2677037715911865
0.2698805332183838
0.2692427635192871
0.26824164390563965
0.2689845561981201
0.267719030380249
0.26909375190734863
0.267622709274292
0.2682063579559326
0.26790904998779297
0.2703695297241211
0.2698240280151367
0.26779770851135254
0.2699744701385498
0.26686716079711914
0.26897168159484863
0.27102208137512207
0.2700192928314209
0.2694976329803467
0.2675917148590088
0.2673969268798828
0.2694089412689209
0.2691483497619629
0.2698960304260254
0.2690854072570801
0.2682678699493408
0.2702643871307373
0.2688577175140381
0.26714062690734863
0.2690873146057129
0.26867151260375977
0.2721548080444336
0.26880335807800293
0.26845216751098633
0.2671535015106201
0.26779985427856445
0.26993441581726074
0.2688474655151367
0.2686338424682617
0.26872730255126953
0.26757049560546875
0.27077531814575195
0.2684285640716553
0.26754021644592285
0.26848411560058594
0.2680370807647705
0.2702603340148926
0.2687032222747803
0.2677464485168457
0.2676255702972412
0.269134521484375
0.2689998149871826
0.26761698722839355
0.2680656909942627
0.26796722412109375
0.3013732433319092
0.2998530864715576
0.3007655143737793
0.302706241607666
0.30023694038391113
0.2986888885498047
0.3019256591796875
0.30163121223449707
0.3023500442504883
0.29960060119628906
0.30143165588378906
0.3032088279724121
0.30155205726623535
0.30206966400146484
0.30109071731567383
0.30262279510498047
0.3014373779296875
0.3010976314544678
0.2721374034881592
0.26767992973327637
0.26893067359924316
0.2675814628601074
0.26765942573547363
0.2683854103088379
0.2701268196105957
0.26798081398010254
0.26875948905944824
0.2682347297668457
0.26772212982177734
0.2688300609588623
0.26914548873901367
0.26853251457214355
0.2681107521057129
0.26833271980285645
0.2688169479370117
0.2690589427947998
0.26712632179260254
0.26840806007385254
0.26985788345336914
0.26766085624694824
0.2681565284729004
0.2685861587524414
0.2688136100769043
0.2678349018096924
0.3059089183807373
0.2692112922668457
0.2676827907562256
0.2680683135986328
0.2682065963745117
0.26841211318969727
0.2679252624511719
0.2692551612854004
0.2688148021697998
0.267301082611084
0.26862335205078125
0.2696652412414551
0.2687227725982666
0.2677149772644043
0.2684924602508545
0.26912689208984375
0.29956674575805664
0.3021202087402344
0.29950380325317383
0.30037856101989746
0.3018321990966797
0.3009660243988037
0.29871273040771484
0.29712629318237305
0.2989501953125
0.29614973068237305
0.2965049743652344
0.29889822006225586
0.29631805419921875
0.2688753604888916
0.2650284767150879
0.2658982276916504
0.26566553115844727
0.2647514343261719
0.26478147506713867
0.2659904956817627
0.26368117332458496
0.26563525199890137
0.2657008171081543
0.2642371654510498
0.26511192321777344
0.26441383361816406
0.26606011390686035
0.2702910900115967
0.2704734802246094
0.27067089080810547
0.26834774017333984
0.2711024284362793
0.2695479393005371
0.2701740264892578
0.26926374435424805
0.26932358741760254
0.27141833305358887
0.2689487934112549
0.2703125476837158
0.2711038589477539
0.2701709270477295
0.30410051345825195
0.27521634101867676
0.2648298740386963
0.26517438888549805
0.26492834091186523
0.26697587966918945
0.2661929130554199
0.2633535861968994
0.2656409740447998
0.26578617095947266
0.2651798725128174
0.26527857780456543
0.26604533195495605
0.2658424377441406
0.2652585506439209
0.26604151725769043
0.2652926445007324
0.26464152336120605
0.2653326988220215
0.26604270935058594
0.2661304473876953
0.26570916175842285
0.26512908935546875
0.2653532028198242
0.26372575759887695
0.26625919342041016
0.2658576965332031
0.2650148868560791
0.26489949226379395
0.2651216983795166
0.26652026176452637
0.26572346687316895
0.264965295791626
0.265183687210083
0.2647593021392822
0.2657191753387451
0.2653067111968994
0.26474905014038086
0.26514458656311035
0.26531314849853516
0.26673221588134766
0.2645561695098877
0.26465439796447754
0.2658572196960449
0.2663004398345947
0.2661302089691162
0.2651207447052002
0.26464271545410156
0.29731225967407227
0.2961006164550781
0.30185770988464355
0.30276012420654297
0.30065178871154785
0.3021409511566162
0.275909423828125
0.2682032585144043
0.2693746089935303
0.26990294456481934
0.27024006843566895
0.2705729007720947
0.2707207202911377
0.26996278762817383
0.26905345916748047
0.26905250549316406
0.2702181339263916
0.271587610244751
0.26923298835754395
0.2694578170776367
0.2706732749938965
0.2689683437347412
0.26985979080200195
0.26941418647766113
0.26931309700012207
0.27007532119750977
0.27010416984558105
0.2703423500061035
0.2690470218658447
0.27038049697875977
0.27167224884033203
0.2679929733276367
0.26954078674316406
0.26981258392333984
0.2699270248413086
0.2700920104980469
0.2699856758117676
0.27226710319519043
0.2689545154571533
0.270371675491333
0.27144551277160645
0.2717893123626709
0.27144718170166016
0.27009057998657227
0.2701282501220703
0.27025508880615234
0.26937174797058105
0.2712216377258301
0.270000696182251
0.270188570022583
0.26982903480529785
0.271075963973999
0.2693150043487549
0.26999807357788086
0.27101564407348633
0.27116847038269043
0.26992034912109375
0.27173781394958496
0.2715916633605957
0.2697436809539795
0.27799510955810547
0.23951053619384766
0.24595165252685547
0.2465965747833252
0.26642775535583496
0.2684471607208252
0.2691946029663086
0.27111291885375977
0.2696216106414795
0.27036118507385254
0.2703711986541748
0.269214391708374
0.27068567276000977
0.2708296775817871
0.26779603958129883
0.27039480209350586
0.27023959159851074
0.2706623077392578
0.27488207817077637
0.2794487476348877
0.27016305923461914
0.26915740966796875
0.2708618640899658
0.26947689056396484
0.2694711685180664
0.2691361904144287
0.26969218254089355
0.27094244956970215
0.2686734199523926
0.2698495388031006
0.27059173583984375
0.26895642280578613
0.27098655700683594
0.26991939544677734
0.2710530757904053
0.26943039894104004
0.27002549171447754
0.2707688808441162
0.26892733573913574
0.2709345817565918
0.2690317630767822
0.2700064182281494
0.27109479904174805
0.2683525085449219
0.27052927017211914
0.26952290534973145
0.2687087059020996
0.2699007987976074
0.2697453498840332
0.26926684379577637
0.26848602294921875
0.2693898677825928
0.2698214054107666
0.26897644996643066
0.27008605003356934
0.26956820487976074
0.2701542377471924
0.27114224433898926
0.2701842784881592
0.2700650691986084
0.27012181282043457
0.27016448974609375
0.26930999755859375
0.26981377601623535
0.26883459091186523
0.27011704444885254
0.26961541175842285
0.2710247039794922
0.2702653408050537
0.2682454586029053
0.26979517936706543
0.2693490982055664
0.27093505859375
0.2698326110839844
0.26972436904907227
0.2701244354248047
0.2696244716644287
0.270763635635376
0.27131223678588867
0.2685661315917969
0.26853275299072266
0.2712059020996094
0.27170753479003906
0.26963353157043457
0.2696409225463867
0.2690730094909668
0.2702922821044922
0.27054262161254883
0.26812171936035156
0.2695035934448242
0.26883721351623535
0.2696871757507324
0.2716655731201172
0.26885557174682617
0.2686612606048584
0.2707650661468506
0.26912593841552734
0.26889801025390625
0.27055931091308594
0.27135658264160156
0.26965880393981934
0.26990556716918945
0.271014928817749
0.26970911026000977
0.2695956230163574
0.27120375633239746
0.2697467803955078
0.270672082901001
0.2694742679595947
0.27053236961364746
0.2687656879425049
0.26829051971435547
0.2710254192352295
0.2696695327758789
0.27139878273010254
0.2686882019042969
0.26863884925842285
0.2704002857208252
0.2691049575805664
0.2703115940093994
0.2694358825683594
0.2681121826171875
0.2703375816345215
0.26889920234680176
0.2691500186920166
0.2684197425842285
0.2698526382446289
0.26967835426330566
0.2688157558441162
0.2703065872192383
0.2697482109069824
0.26969337463378906
0.27034497261047363
0.270061731338501
0.2697587013244629
0.299149751663208
0.3021526336669922
0.30132627487182617
0.2744629383087158
0.270580530166626
0.30164647102355957
0.2691802978515625
0.2751157283782959
0.2705681324005127
0.2692701816558838
0.2696843147277832
0.2711052894592285
0.2698841094970703
0.26892662048339844
0.2695188522338867
0.26965999603271484
0.26912546157836914
0.27119922637939453
0.26959753036499023
0.2698831558227539
0.2694876194000244
0.2704596519470215
0.27048254013061523
0.2700188159942627
0.26984357833862305
0.2703824043273926
0.2689523696899414
0.27001285552978516
0.2706611156463623
0.27071094512939453
0.2685263156890869
0.27009034156799316
0.30622291564941406
0.26982927322387695
0.269716739654541
0.26961517333984375
0.2709188461303711
0.2696695327758789
0.2698781490325928
0.2699902057647705
0.26866745948791504
0.2696704864501953
0.2696812152862549
0.26868176460266113
0.26996636390686035
0.2745819091796875
0.2707400321960449
0.270550012588501
0.2698042392730713
0.2694394588470459
0.2711782455444336
0.27106356620788574
0.270244836807251
0.26966023445129395
0.30182480812072754
0.30099034309387207
0.3029184341430664
0.30316829681396484
0.30100274085998535
0.30114030838012695
0.3024477958679199
0.2997744083404541
0.299349308013916
0.2994074821472168
0.3014252185821533
0.3000657558441162
0.3003544807434082
0.3032050132751465
0.2725858688354492
0.2697584629058838
0.2688605785369873
0.2683751583099365
0.26956605911254883
0.26909923553466797
0.26788878440856934
0.26843690872192383
0.26989293098449707
0.26803088188171387
0.2720611095428467
0.2999277114868164
0.30161619186401367
0.2989470958709717
0.29939746856689453
0.3005800247192383
0.30002498626708984
0.3017559051513672
0.3000824451446533
0.30094218254089355
0.3016993999481201
0.29993486404418945
0.300800085067749
0.29926538467407227
0.3018360137939453
0.2993476390838623
0.27343034744262695
0.26901721954345703
0.2675192356109619
0.2700533866882324
0.26856517791748047
0.26827359199523926
0.26783037185668945
0.26801085472106934
0.26964569091796875
0.2674438953399658
0.26716184616088867
0.2672913074493408
0.2671627998352051
0.26998019218444824
0.2660336494445801
0.26749467849731445
0.2686769962310791
0.2678670883178711
0.2693502902984619
0.2686748504638672
0.26687026023864746
0.26839303970336914
0.26856517791748047
0.2694282531738281
0.2683403491973877
0.26870036125183105
0.2685244083404541
0.30278706550598145
0.2686023712158203
0.2684788703918457
0.2678406238555908
0.26628899574279785
0.2686614990234375
0.2678365707397461
0.26932835578918457
0.2682070732116699
0.2683992385864258
0.2690439224243164
0.2689955234527588
0.2686734199523926
0.26894545555114746
0.2676734924316406
0.26883912086486816
0.26831793785095215
0.269456148147583
0.2669100761413574
0.2691233158111572
0.2688300609588623
0.30181407928466797
0.30182814598083496
0.27300095558166504
0.26854562759399414
0.26811885833740234
0.26769280433654785
0.2684597969055176
0.26737523078918457
0.2685086727142334
0.26677966117858887
0.27029848098754883
0.2667980194091797
0.268477201461792
0.26941919326782227
0.2671184539794922
0.2694845199584961
0.26688313484191895
0.268585205078125
0.2676882743835449
0.2672915458679199
0.2686614990234375
0.26793360710144043
0.2686445713043213
0.2692091464996338
0.26775598526000977
0.26938414573669434
0.2682497501373291
0.2694871425628662
0.2674522399902344
0.26714539527893066
0.26902222633361816
0.26785969734191895
0.26816582679748535
0.2683565616607666
0.26920270919799805
0.30343079566955566
0.2981405258178711
0.2691986560821533
0.2685580253601074
0.26893186569213867
0.26804494857788086
0.2683224678039551
0.26821231842041016
0.2666757106781006
0.26966023445129395
0.2682018280029297
0.2686958312988281
0.26869964599609375
0.2694692611694336
0.2683899402618408
0.2690873146057129
0.26849818229675293
0.2681853771209717
0.27470874786376953
0.2968144416809082
0.3018362522125244
0.30219173431396484
0.30020952224731445
0.2745072841644287
0.26708197593688965
0.2692229747772217
0.2693209648132324
0.2659749984741211
0.2682993412017822
0.26880812644958496
0.27017927169799805
0.26871681213378906
0.26662373542785645
0.26830220222473145
0.2676115036010742
0.2693924903869629
0.26831746101379395
0.26825952529907227
0.26805710792541504
0.26738786697387695
0.2702333927154541
0.2675206661224365
0.2684915065765381
0.2692415714263916
0.2687225341796875
0.26973414421081543
0.2670319080352783
0.26880478858947754
0.26732683181762695
0.26873254776000977
0.2691338062286377
0.26827359199523926
0.2676105499267578
0.2684452533721924
0.2684965133666992
0.2675950527191162
0.26834940910339355
0.26827073097229004
0.26768994331359863
0.26815104484558105
0.26989245414733887
0.26708221435546875
0.26763033866882324
0.2694089412689209
0.27024030685424805
0.2698936462402344
0.26967883110046387
0.270432710647583
0.2693650722503662
0.26970362663269043
0.27054810523986816
0.2700154781341553
0.27007460594177246
0.27399563789367676
0.30293846130371094
0.3039257526397705
0.30234241485595703
0.3036792278289795
0.300234317779541
0.30286574363708496
0.30150914192199707
0.30245208740234375
0.3038601875305176
0.30202507972717285
0.3033726215362549
0.2742040157318115
0.27977895736694336
0.30010032653808594
0.30281519889831543
0.3006868362426758
0.30340003967285156
0.30228519439697266
0.29927778244018555
0.2997133731842041
0.2740285396575928
0.2701272964477539
0.26986217498779297
0.26929736137390137
0.269345760345459
0.3014974594116211
0.27037930488586426
0.2696077823638916
0.26979923248291016
0.2693953514099121
0.30262064933776855
0.30397510528564453
0.29993271827697754
0.3030867576599121
0.3047060966491699
0.3020751476287842
0.2997603416442871
0.3020496368408203
0.3031735420227051
0.30107998847961426
0.3030552864074707
0.3036973476409912
0.3018457889556885
0.30257487297058105
0.3012080192565918
0.30326128005981445
0.29982495307922363
0.30149102210998535
0.30026674270629883
0.3025937080383301
0.30342745780944824
0.30235743522644043
0.3020942211151123
0.30157947540283203
0.3031792640686035
0.30031394958496094
0.3025476932525635
0.3031008243560791
0.3009819984436035
0.30205225944519043
0.3003511428833008
0.30341529846191406
0.29988884925842285
0.30202150344848633
0.3006629943847656
0.3019125461578369
0.3041212558746338
0.3011507987976074
0.3028898239135742
0.30063486099243164
0.3032712936401367
0.3050057888031006
0.3021090030670166
0.30253171920776367
0.30063629150390625
0.30228209495544434
0.30402302742004395
0.3016481399536133
0.30302000045776367
0.30165982246398926
0.3016200065612793
0.30460429191589355
0.3025355339050293
0.2986001968383789
0.3015859127044678
0.302839994430542
0.3010706901550293
0.299882173538208
0.3038058280944824
0.3015782833099365
0.3020627498626709
0.27492737770080566
0.2700810432434082
0.26975560188293457
0.26930761337280273
0.2697925567626953
0.2713158130645752
0.2698664665222168
0.2682325839996338
0.27110815048217773
0.2684919834136963
0.27095913887023926
0.2707939147949219
0.26957178115844727
0.269683837890625
0.27005648612976074
0.2712855339050293
0.26928186416625977
0.2697718143463135
0.269716739654541
0.269089937210083
0.2705678939819336
0.2711923122406006
0.26990318298339844
0.2697720527648926
0.2696690559387207
0.2707693576812744
0.2705082893371582
0.26952290534973145
0.27060461044311523
0.270611047744751
0.2711210250854492
0.2702004909515381
0.26993250846862793
0.2699110507965088
0.2693500518798828
0.26960206031799316
0.2700634002685547
0.26952338218688965
0.26981544494628906
0.2707226276397705
0.269744873046875
0.26993608474731445
0.2708442211151123
0.26758790016174316
0.27033114433288574
0.26907920837402344
0.27065443992614746
0.26924753189086914
0.3041815757751465
0.30242490768432617
0.3029055595397949
0.2997615337371826
0.3032073974609375
0.30434536933898926
0.30243754386901855
0.3026914596557617
0.30193042755126953
0.3019425868988037
0.30083370208740234
0.3041107654571533
0.3007471561431885
0.3017761707305908
0.3034806251525879
0.2707943916320801
0.2699284553527832
0.2708141803741455
0.26958346366882324
0.26953697204589844
0.2703092098236084
0.2698187828063965
0.2688426971435547
0.2694358825683594
0.3034982681274414
0.26944422721862793
0.26648855209350586
0.2679100036621094
0.268892765045166
0.26868176460266113
0.2689800262451172
0.2680530548095703
0.2680032253265381
0.2681162357330322
0.2682993412017822
0.26842355728149414
0.26720404624938965
0.26926231384277344
0.2673461437225342
0.26952362060546875
0.2678980827331543
0.2679779529571533
0.268538236618042
0.2668921947479248
0.26781296730041504
0.26876139640808105
0.2694709300994873
0.2692220211029053
0.26790761947631836
0.26863932609558105
0.2682759761810303
0.2670445442199707
0.26990580558776855
0.2669534683227539
0.26705431938171387
0.26857900619506836
0.26911115646362305
0.2684159278869629
0.268657922744751
0.2691333293914795
0.2679004669189453
0.26833653450012207
0.26875734329223633
0.2681572437286377
0.26827478408813477
0.26705217361450195
0.2671656608581543
0.2687969207763672
0.2683553695678711
0.2682943344116211
0.2681272029876709
0.26696133613586426
0.2697293758392334
0.2694711685180664
0.2673976421356201
0.26671862602233887
0.2687797546386719
0.27018189430236816
0.2689368724822998
0.2674562931060791
0.2685587406158447
0.2677586078643799
0.2687873840332031
0.2689342498779297
0.26734352111816406
0.26738882064819336
0.26910853385925293
0.2700986862182617
0.2996354103088379
0.29742002487182617
0.2999715805053711
0.2981131076812744
0.3010067939758301
0.3006927967071533
0.2984805107116699
0.29920005798339844
0.3021247386932373
0.30361223220825195
0.2998659610748291
0.2990446090698242
0.2737751007080078
0.268585205078125
0.26903223991394043
0.26750946044921875
0.2682931423187256
0.2656826972961426
0.2682762145996094
0.2699882984161377
0.2681863307952881
0.26781177520751953
0.2672097682952881
0.26924824714660645
0.2694251537322998
0.26888227462768555
0.26808762550354004
0.2682788372039795
0.268035888671875
0.2681875228881836
0.26854681968688965
0.2671053409576416
0.3015322685241699
0.2735776901245117
0.2999398708343506
0.29891109466552734
0.3009762763977051
0.29932093620300293
0.299602746963501
0.30116772651672363
0.29862332344055176
0.2719714641571045
0.2774665355682373
0.29906153678894043
0.27346205711364746
0.2676410675048828
0.26814961433410645
0.2692697048187256
0.2672762870788574
0.26964521408081055
0.2678213119506836
0.29700160026550293
0.29696059226989746
0.29874348640441895
0.3004739284515381
0.3004939556121826
0.3034017086029053
0.30178070068359375
0.30021190643310547
0.301525354385376
0.30243945121765137
0.3009815216064453
0.30248236656188965
0.3037128448486328
0.302609920501709
0.30235981941223145
0.30142998695373535
0.30313992500305176
0.3002603054046631
0.30247974395751953
0.30327320098876953
0.2712984085083008
0.26987624168395996
0.2685723304748535
0.2704622745513916
0.27016282081604004
0.26809048652648926
0.27011632919311523
0.2681264877319336
0.30428123474121094
0.2699136734008789
0.26903390884399414
0.2683544158935547
0.26941990852355957
0.2715749740600586
0.2699928283691406
0.27005696296691895
0.2686772346496582
0.27095842361450195
0.27054786682128906
0.27024173736572266
0.2682163715362549
0.2698521614074707
0.2696707248687744
0.27105283737182617
0.2705368995666504
0.30225419998168945
0.2696049213409424
0.27069091796875
0.2700636386871338
0.26818275451660156
0.27036309242248535
0.27009034156799316
0.26963257789611816
0.27089357376098633
0.269758939743042
0.2700941562652588
0.26964497566223145
0.2704644203186035
0.27123308181762695
0.2697138786315918
0.2697877883911133
0.27021074295043945
0.26874637603759766
0.2710444927215576
0.26940393447875977
0.2693653106689453
0.26970887184143066
0.27017641067504883
0.26935863494873047
0.26952195167541504
0.26989173889160156
0.26914167404174805
0.2696053981781006
0.2689321041107178
0.273179292678833
0.27019739151000977
0.26932835578918457
0.2695760726928711
0.2718849182128906
0.26924896240234375
0.2693297863006592
0.27054738998413086
0.2711491584777832
0.2695798873901367
0.2698402404785156
0.268369197845459
0.27022671699523926
0.2696242332458496
0.27044057846069336
0.26998305320739746
0.26953554153442383
0.2710864543914795
0.26998162269592285
0.26932859420776367
0.2702300548553467
0.2701985836029053
0.26947736740112305
0.268280029296875
0.27201294898986816
0.27031540870666504
0.2696962356567383
0.2702012062072754
0.2680654525756836
0.27080440521240234
0.2689938545227051
0.2697160243988037
0.26987385749816895
0.26978468894958496
0.2708888053894043
0.2706291675567627
0.2676279544830322
0.2702922821044922
0.30283164978027344
0.2706634998321533
0.26953887939453125
0.2697904109954834
0.26955246925354004
0.2696077823638916
0.2708914279937744
0.27052760124206543
0.2703969478607178
0.26915812492370605
0.269852876663208
0.2716825008392334
0.2685248851776123
0.2698228359222412
0.26896214485168457
0.269073486328125
0.27098798751831055
0.2699408531188965
0.2713148593902588
0.2693517208099365
0.270038366317749
0.2707560062408447
0.2699916362762451
0.2689688205718994
0.27097153663635254
0.269148588180542
0.2708303928375244
0.2696847915649414
0.27053213119506836
0.2687077522277832
0.26885342597961426
0.2712137699127197
0.27069902420043945
0.26969242095947266
0.2694566249847412
0.2700481414794922
0.27080345153808594
0.26962947845458984
0.26970601081848145
0.26965928077697754
0.2690696716308594
0.2702207565307617
0.27083778381347656
0.26778388023376465
0.26956605911254883
0.27124786376953125
0.26957178115844727
0.2701280117034912
0.2696566581726074
0.2707977294921875
0.268782377243042
0.27068185806274414
0.2698040008544922
0.26940155029296875
0.2696568965911865
0.2707498073577881
0.2704648971557617
0.269972562789917
0.27028417587280273
0.26898741722106934
0.26874566078186035
0.27069091796875
0.27004384994506836
0.2700684070587158
0.26963233947753906
0.26976633071899414
0.2712981700897217
0.26956772804260254
0.26970767974853516
0.26956987380981445
0.26865720748901367
0.26993823051452637
0.2697429656982422
0.26903700828552246
0.269284725189209
0.269930362701416
0.27182674407958984
0.26874828338623047
0.2695882320404053
0.2705724239349365
0.27051711082458496
0.27108073234558105
0.2694571018218994
0.27002859115600586
0.2708263397216797
0.3023340702056885
0.2716856002807617
0.26974058151245117
0.26955127716064453
0.26955604553222656
0.2705378532409668
0.27005505561828613
0.3025667667388916
0.3033771514892578
0.269758939743042
0.2693014144897461
0.27106404304504395
0.26912689208984375
0.26944947242736816
0.270249605178833
0.2697932720184326
0.26880550384521484
0.26903533935546875
0.2734525203704834
0.26932287216186523
0.26961350440979004
0.2706441879272461
0.27031898498535156
0.2676856517791748
0.2699294090270996
0.2689213752746582
0.2723095417022705
0.2686500549316406
0.26955580711364746
0.26978063583374023
0.2998626232147217
0.30106401443481445
0.3022894859313965
0.30097222328186035
0.30262136459350586
0.3023045063018799
0.3026275634765625
0.30159997940063477
0.301680326461792
0.3032989501953125
0.30083250999450684
0.30347633361816406
0.3007621765136719
0.30225658416748047
0.3029458522796631
0.30507469177246094
0.3016810417175293
0.26953864097595215
0.3018991947174072
0.30355262756347656
0.2690892219543457
0.3025343418121338
0.2993197441101074
0.3021113872528076
0.2985420227050781
0.30036497116088867
0.3039116859436035
0.3003218173980713
0.30071425437927246
0.30302977561950684
0.3009212017059326
0.274491548538208
0.26837706565856934
0.3019585609436035
0.2982792854309082
0.301593542098999
0.3029608726501465
0.3012397289276123
0.3015434741973877
0.2991020679473877
0.2751941680908203
0.2696192264556885
0.2695634365081787
0.3031747341156006
0.30132508277893066
0.3017117977142334
0.30412745475769043
0.3004112243652344
0.3031928539276123
0.30097317695617676
0.3030669689178467
0.3043324947357178
0.3013734817504883
0.2704169750213623
0.3011503219604492
0.3015706539154053
0.30422043800354004
0.3022286891937256
0.3030209541320801
0.30307483673095703
0.3021674156188965
0.3038792610168457
0.30086326599121094
0.3030967712402344
0.30106306076049805
0.3022267818450928
0.273937463760376
0.26957035064697266
0.2704296112060547
0.26747775077819824
0.26892518997192383
0.271899938583374
0.2683863639831543
0.26804590225219727
0.26944828033447266
0.2709212303161621
0.27086639404296875
0.2692604064941406
0.26817965507507324
0.2696661949157715
0.26818084716796875
0.2711458206176758
0.2693758010864258
0.26779794692993164
0.27001452445983887
0.27100300788879395
0.26968884468078613
0.270660400390625
0.26929783821105957
0.2695314884185791
0.26947808265686035
0.2707500457763672
0.26868438720703125
0.2693355083465576
0.2694859504699707
0.26840806007385254
0.2720603942871094
0.26770853996276855
0.2695789337158203
0.27014684677124023
0.2692413330078125
0.2702295780181885
0.2686605453491211
0.2696816921234131
0.26902198791503906
0.26963019371032715
0.2708775997161865
0.2696647644042969
0.2693939208984375
0.2713174819946289
0.26949095726013184
0.27101874351501465
0.26934266090393066
0.2707362174987793
0.2688601016998291
0.2692244052886963
0.2718617916107178
0.2697467803955078
0.2695333957672119
0.27011966705322266
0.26961731910705566
0.26941871643066406
0.2704133987426758
0.26933908462524414
0.26960182189941406
0.26923394203186035
0.2710115909576416
0.2701730728149414
0.26790618896484375
0.2707812786102295
0.2701716423034668
0.2701089382171631
0.26968979835510254
0.2708253860473633
0.2704894542694092
0.268491268157959
0.2707099914550781
0.2704601287841797
0.2682831287384033
0.268871545791626
0.2700493335723877
0.2712998390197754
0.2687671184539795
0.2681877613067627
0.26986193656921387
0.26864147186279297
0.2715616226196289
0.2701594829559326
0.2693367004394531
0.26831793785095215
0.27025270462036133
0.27185750007629395
0.26962780952453613
0.26970982551574707
0.2697467803955078
0.2703208923339844
0.2709333896636963
0.26958155632019043
0.30086660385131836
0.30348968505859375
0.29933643341064453
0.30175065994262695
0.3027374744415283
0.30161571502685547
0.3039581775665283
0.30153322219848633
0.30159902572631836
0.3008098602294922
0.30176377296447754
0.3040807247161865
0.3020956516265869
0.30408215522766113
0.30109453201293945
0.30284857749938965
0.30458617210388184
0.30132150650024414
0.2994828224182129
0.3018004894256592
0.30257368087768555
0.2921028137207031
0.3020656108856201
0.3005383014678955
0.3010711669921875
0.3038506507873535
0.30167222023010254
0.30057644844055176
0.3048214912414551
0.30241942405700684
0.30316638946533203
0.3013424873352051
0.3026242256164551
0.3019874095916748
0.3026132583618164
0.3034532070159912
0.3020949363708496
0.30069613456726074
0.3018515110015869
0.3028547763824463
0.301624059677124
0.30255627632141113
0.30112218856811523
0.30254364013671875
0.3006465435028076
0.3022480010986328
0.29819536209106445
0.29607439041137695
0.29842352867126465
0.29525279998779297
0.2962796688079834
0.29511308670043945
0.29717469215393066
0.2983109951019287
0.29949307441711426
0.2962532043457031
0.2958838939666748
0.297438383102417
0.29913806915283203
0.2983579635620117
0.29424238204956055
0.2981271743774414
0.2966620922088623
0.26566481590270996
0.2960546016693115
0.29862189292907715
0.2685542106628418
0.2646465301513672
0.2665567398071289
0.2640259265899658
0.2650423049926758
0.26509809494018555
0.2635226249694824
0.2671680450439453
0.2636244297027588
0.26587867736816406
0.26424241065979004
0.26447153091430664
0.2658073902130127
0.2636079788208008
0.2646491527557373
0.26468443870544434
0.26466989517211914
0.26534509658813477
0.26404786109924316
0.26583242416381836
0.26231884956359863
0.26296353340148926
0.26462721824645996
0.2633817195892334
0.26348280906677246
0.26308202743530273
0.26373958587646484
0.26383471488952637
0.2629845142364502
0.2630887031555176
0.26215505599975586
0.26985669136047363
0.2707655429840088
0.26970720291137695
0.2699885368347168
0.2685730457305908
0.26917243003845215
0.26807069778442383
0.2683844566345215
0.2692677974700928
0.3017587661743164
0.27252864837646484
0.2693963050842285
0.26804327964782715
0.26720738410949707
0.26842212677001953
0.2987337112426758
0.30188632011413574
0.2717146873474121
0.26873230934143066
0.26825833320617676
0.2681548595428467
0.26835155487060547
0.26887941360473633
0.26675963401794434
0.2681427001953125
0.26914000511169434
0.2698171138763428
0.2683570384979248
0.26847028732299805
0.30252742767333984
0.29982876777648926
0.30271029472351074
0.30013561248779297
0.30193138122558594
0.29938793182373047
0.3013753890991211
0.30351877212524414
0.2996814250946045
0.30283308029174805
0.2991461753845215
0.3002605438232422
0.27405714988708496
0.26851654052734375
0.2695033550262451
0.2682375907897949
0.26840949058532715
0.2692263126373291
0.26824116706848145
0.26993894577026367
0.2998812198638916
0.27120089530944824
0.3004164695739746
0.3014218807220459
0.30301976203918457
0.30015087127685547
0.2989170551300049
0.302081823348999
0.3012697696685791
0.3019089698791504
0.3029332160949707
0.29767680168151855
0.30068278312683105
0.3012654781341553
0.2994520664215088
0.3013746738433838
0.2989625930786133
0.3013570308685303
0.3023068904876709
0.2978696823120117
0.30182766914367676
0.2741708755493164
0.2684326171875
0.2683408260345459
0.2687101364135742
0.2679567337036133
0.26830315589904785
0.2692117691040039
0.26822447776794434
0.26805996894836426
0.2680082321166992
0.2687263488769531
0.26926374435424805
0.26877593994140625
0.26800966262817383
0.26882004737854004
0.26743149757385254
0.2695436477661133
0.26889634132385254
0.2690114974975586
0.2679564952850342
0.26694703102111816
0.2741701602935791
0.2805452346801758
0.2728850841522217
0.2685835361480713
0.2683756351470947
0.26877689361572266
0.2682366371154785
0.2690134048461914
0.26662611961364746
0.2681388854980469
0.2686319351196289
0.2671175003051758
0.30144262313842773
0.3004798889160156
0.2742443084716797
0.2693815231323242
0.3003413677215576
0.3012702465057373
0.2996222972869873
0.3011336326599121
0.30188679695129395
0.29947900772094727
0.30007195472717285
0.29867124557495117
0.3028440475463867
0.3016369342803955
0.30197620391845703
0.3014097213745117
0.3029017448425293
0.3035902976989746
0.29991745948791504
0.3010427951812744
0.30222511291503906
0.3010406494140625
0.3023707866668701
0.3011200428009033
0.3008871078491211
0.2956080436706543
0.29689621925354004
0.2937588691711426
0.30170512199401855
0.30222177505493164
0.27373385429382324
0.2677133083343506
0.2732703685760498
0.3044569492340088
0.30100345611572266
0.2986159324645996
0.3000922203063965
0.30220484733581543
0.3008263111114502
0.3011932373046875
0.2999460697174072
0.30107665061950684
0.29836225509643555
0.3009777069091797
0.30113840103149414
0.299670934677124
0.302539587020874
0.29981040954589844
0.3013606071472168
0.29998183250427246
0.30039024353027344
0.30211520195007324
0.2728872299194336
0.26924729347229004
0.2685816287994385
0.26818037033081055
0.26751232147216797
0.2684483528137207
0.2690131664276123
0.2998006343841553
0.30167150497436523
0.29717230796813965
0.3012714385986328
0.3034524917602539
0.30399203300476074
0.3000824451446533
0.30254697799682617
0.30055928230285645
0.3026297092437744
0.30023741722106934
0.3017857074737549
0.30019187927246094
0.30112361907958984
0.29454898834228516
0.2742171287536621
0.29808783531188965
0.3006126880645752
0.30222058296203613
0.3000600337982178
0.2985260486602783
0.302623987197876
0.3032107353210449
0.3010237216949463
0.3029787540435791
0.3035578727722168
0.27416086196899414
0.2695143222808838
0.270770788192749
0.2753157615661621
0.3040933609008789
0.3000047206878662
0.30289793014526367
0.30054211616516113
0.30304932594299316
0.3045313358306885
0.3009934425354004
0.3027017116546631
0.3010234832763672
0.28563380241394043
0.3038029670715332
0.3016495704650879
0.2996647357940674
0.3017394542694092
0.3029294013977051
0.29985666275024414
0.30242919921875
0.28441905975341797
0.3016970157623291
0.3025977611541748
0.30054783821105957
0.30197906494140625
0.2701454162597656
0.2707052230834961
0.27042675018310547
0.2700839042663574
0.2690615653991699
0.26978516578674316
0.30249547958374023
0.3034098148345947
0.3006882667541504
0.3021979331970215
0.29994726181030273
0.30179619789123535
0.3021876811981201
0.30157923698425293
0.3034675121307373
0.303692102432251
0.3015165328979492
0.3019254207611084
0.3000524044036865
0.3022034168243408
0.30416226387023926
0.3012855052947998
0.3008298873901367
0.30059242248535156
0.3031277656555176
0.3016245365142822
0.30100250244140625
0.3048744201660156
0.3022117614746094
0.302135705947876
0.3020198345184326
0.3021845817565918
0.30133795738220215
0.3018200397491455
0.30013275146484375
0.30180978775024414
0.30162525177001953
0.3007934093475342
0.30199408531188965
0.27394795417785645
0.2687349319458008
0.2694869041442871
0.2706468105316162
0.2687969207763672
0.2700495719909668
0.2700314521789551
0.26952457427978516
0.2698180675506592
0.26833033561706543
0.26907873153686523
0.270794153213501
0.2673051357269287
0.26999783515930176
0.27014803886413574
0.2686753273010254
0.2686309814453125
0.2683875560760498
0.27080297470092773
0.26992011070251465
0.2695338726043701
0.2686879634857178
0.26917576789855957
0.271453857421875
0.2707221508026123
0.2685120105743408
0.2697567939758301
0.268477201461792
0.27060770988464355
0.26900410652160645
0.27054810523986816
0.27087926864624023
0.2693300247192383
0.2702827453613281
0.2707335948944092
0.26793718338012695
0.26955318450927734
0.27028799057006836
0.2697136402130127
0.27002835273742676
0.2685272693634033
0.27046823501586914
0.2693192958831787
0.27127742767333984
0.26969146728515625
0.268202543258667
0.26804447174072266
0.27289295196533203
0.30268430709838867
0.2741866111755371
0.26839351654052734
0.27070045471191406
0.26812291145324707
0.27344298362731934
0.2691977024078369
0.2706716060638428
0.270099401473999
0.26941442489624023
0.27029848098754883
0.26827287673950195
0.2700233459472656
0.2683730125427246
0.2682828903198242
0.2701895236968994
0.26930832862854004
0.2695498466491699
0.26766085624694824
0.2694425582885742
0.2699320316314697
0.26952457427978516
0.26872944831848145
0.2683084011077881
0.269916296005249
0.27066707611083984
0.26787900924682617
0.26951074600219727
0.2678842544555664
0.2692580223083496
0.2699098587036133
0.270221471786499
0.268643856048584
0.2683560848236084
0.2695953845977783
0.26954126358032227
0.26845836639404297
0.26949596405029297
0.27508115768432617
0.3005828857421875
0.30272459983825684
0.30359816551208496
0.30077576637268066
0.29978227615356445
0.30147624015808105
0.30271148681640625
0.303513765335083
0.30132246017456055
0.3028218746185303
0.2993013858795166
0.3036158084869385
0.3002197742462158
0.302109956741333
0.30230116844177246
0.29984235763549805
0.3029189109802246
0.30361342430114746
0.2736189365386963
0.26867032051086426
0.26851606369018555
0.27022433280944824
0.26945042610168457
0.26835155487060547
0.26857614517211914
0.26795458793640137
0.2709352970123291
0.26894497871398926
0.2694556713104248
0.2688901424407959
0.2691481113433838
0.2708613872528076
0.26882338523864746
0.2694423198699951
0.2687361240386963
0.2689199447631836
0.3048391342163086
