0.072921037674
0.0921061038971
0.0639181137085
0.0525949001312
0.0574271678925
0.051815032959
0.0487620830536
0.0535709857941
0.0539860725403
0.0521478652954
0.048887014389
0.0570850372314
0.0468120574951
0.0565850734711
0.0645508766174
0.0777151584625
0.0885829925537
0.0785720348358
0.0843820571899
0.0716388225555
0.066545009613
0.0686028003693
0.0664699077606
0.0650699138641
0.0732908248901
0.0627508163452
0.0696370601654
0.0599510669708
0.0509638786316
0.0497400760651
0.0494029521942
0.0493500232697
0.054349899292
0.0475499629974
0.0712151527405
0.0498459339142
0.0661361217499
0.0603458881378
0.0616800785065
0.0573589801788
0.0584478378296
0.0554177761078
0.060674905777
0.063059091568
0.0642001628876
0.0550849437714
0.0889301300049
0.0866219997406
0.0614981651306
0.0568988323212
0.0532519817352
0.0633089542389
0.0871870517731
0.094908952713
0.0455799102783
0.0849301815033
0.0774569511414
0.0608990192413
0.0554559230804
0.0575840473175
0.0648791790009
0.0400998592377
0.0452120304108
0.0488750934601
0.056608915329
0.0586831569672
0.0665769577026
0.0526769161224
0.0330369472504
0.0419211387634
0.0493061542511
0.0686168670654
0.0596389770508
0.0753450393677
0.0655429363251
0.0590169429779
0.0749831199646
0.0648348331451
0.078183889389
0.0818090438843
0.07111287117
0.0770919322968
0.0736231803894
0.0794279575348
0.0740568637848
0.0676031112671
0.0796961784363
0.0848231315613
0.0705308914185
0.0722188949585
0.0870609283447
0.0867681503296
0.0787630081177
0.0794579982758
0.0799701213837
0.0607421398163
0.0785551071167
0.0717511177063
0.0768330097198
0.0790009498596
0.0708858966827
0.0786981582642
0.0782389640808
0.0728678703308
0.0752880573273
0.0818588733673
0.0982780456543
0.101231098175
0.0669150352478
0.0853271484375
0.0924241542816
0.0922858715057
0.108593940735
0.100749015808
0.0957059860229
0.097736120224
0.0814080238342
0.0864419937134
0.0876979827881
0.104125976562
0.100600004196
0.119308948517
0.0963540077209
0.0960988998413
0.103467941284
0.0994040966034
0.109330177307
0.118018865585
0.108156204224
0.0900740623474
0.0904030799866
0.0910549163818
0.0952751636505
0.0986199378967
0.103842020035
0.105199098587
0.100909948349
0.092668056488
0.094987154007
0.104346036911
0.100397825241
0.0998349189758
0.109731197357
0.0909399986267
0.097736120224
0.094612121582
0.114591836929
0.103158950806
0.11341714859
0.0990581512451
0.0973448753357
0.0913081169128
0.101438999176
0.103024959564
0.101551771164
0.106686115265
0.0971598625183
0.0889761447906
0.0945999622345
0.107115030289
0.100954055786
0.0965321063995
0.0994520187378
0.0915031433105
0.0943119525909
0.101441860199
0.0939970016479
0.102368831635
0.114125013351
0.102636098862
0.0922980308533
0.0968949794769
0.0973749160767
0.108319044113
0.100873947144
0.115690946579
0.0961711406708
0.0942370891571
0.0807719230652
0.07506108284
0.0872700214386
0.0994968414307
0.103314876556
0.0938739776611
0.0999059677124
0.0905690193176
0.0943779945374
0.0911810398102
0.103756904602
0.103626966476
0.105651140213
0.0986411571503
0.102540969849
0.102012872696
0.0979840755463
0.106999874115
0.102062940598
0.103734016418
0.102205038071
0.0985400676727
0.090980052948
0.105946063995
0.10475897789
0.108906030655
0.106865167618
0.0931079387665
0.098240852356
0.0907649993896
0.1086769104
0.103621006012
0.10224199295
0.105386972427
0.101563930511
0.100387096405
0.103532075882
0.100636005402
0.115592956543
0.0986831188202
0.0931689739227
0.0965662002563
0.103404045105
0.111746072769
0.0977051258087
0.106965065002
0.0938987731934
0.0921669006348
0.0913860797882
0.092325925827
0.111232995987
0.109424114227
0.10378909111
0.101588964462
0.0973207950592
0.096892118454
0.0905110836029
0.100120782852
0.101859092712
0.100188016891
0.103014945984
0.0938539505005
0.0937371253967
0.0924980640411
0.109917879105
0.106724977493
0.111860990524
0.0957899093628
0.0933611392975
0.0880620479584
0.0948059558868
0.100165128708
0.0930058956146
0.100196123123
0.0961329936981
0.0921590328217
0.0950968265533
0.0941851139069
0.111479997635
0.0992090702057
0.111138820648
0.0937280654907
0.089574098587
0.0936920642853
0.0916318893433
0.101480960846
0.104177951813
0.0959329605103
0.0983328819275
0.0978977680206
0.0944340229034
0.0925090312958
0.0974810123444
0.097825050354
0.0998411178589
0.10554599762
0.0891320705414
0.0959570407867
0.0977530479431
0.0949578285217
0.103401899338
0.089949131012
0.045814037323
0.0528090000153
0.0671467781067
0.0552289485931
0.0697231292725
0.0629708766937
0.0648639202118
0.0575571060181
0.0443940162659
0.0587689876556
0.043701171875
0.0418710708618
0.0456190109253
0.0513949394226
0.0671150684357
0.0660438537598
0.0895428657532
0.096137046814
0.0732889175415
0.0729451179504
0.0699360370636
0.0645108222961
0.0615479946136
0.0577509403229
0.0795350074768
0.0720570087433
0.0860011577606
0.0945949554443
0.105503082275
0.113195180893
0.0977599620819
0.115641832352
0.107038021088
0.111282110214
0.0834460258484
0.0747740268707
0.117870807648
0.0910401344299
0.0964682102203
0.0969378948212
0.088809967041
0.0795199871063
0.0819280147552
0.0932431221008
0.0937609672546
0.113187074661
0.107189893723
0.11044716835
0.0999660491943
0.0924508571625
0.0770990848541
0.0788979530334
0.0863480567932
0.0902290344238
0.0888938903809
0.0943691730499
0.0748801231384
0.0878539085388
0.0771429538727
0.077125787735
0.0893008708954
0.0838031768799
0.108940124512
0.10977602005
0.100203037262
0.0936110019684
0.104698896408
0.0948951244354
0.117959976196
0.102169036865
0.104187965393
0.0869572162628
0.0836510658264
0.0847311019897
0.0835862159729
0.0885629653931
0.154603004456
0.148278951645
0.173658847809
0.141796112061
0.117877006531
0.127682924271
0.112320899963
0.119385957718
0.123127937317
0.124717950821
0.101129055023
0.120723009109
0.109843015671
0.120382070541
0.11812210083
0.122510194778
0.122880935669
0.132791996002
0.112179994583
0.102269887924
0.106021165848
0.124068021774
0.143186807632
0.156718015671
0.137568950653
0.124665975571
0.118564844131
0.112128019333
0.131557941437
0.127046108246
0.112458944321
0.105032920837
0.0862720012665
0.0964660644531
0.088406085968
0.103596925735
0.0942451953888
0.125344991684
0.126679897308
0.115833997726
0.123965978622
0.113285064697
0.133929014206
0.131325006485
0.122503995895
0.118078947067
0.126904010773
0.110201120377
0.113229036331
0.103771924973
0.110674858093
0.103173017502
0.0960359573364
0.126621961594
0.0959331989288
0.101096153259
0.0983169078827
0.12286901474
0.147414922714
0.126658916473
0.143620967865
0.137167930603
0.108825922012
0.127343893051
0.116531133652
0.128118991852
0.117995977402
0.117123126984
0.128424882889
0.140135765076
0.117887973785
0.12802195549
0.131774902344
0.147911787033
0.13231420517
0.107671022415
0.0973300933838
0.0956280231476
0.100878000259
0.112195968628
0.0510129928589
0.051834821701
0.0565299987793
0.0366399288177
0.0500528812408
0.0534820556641
0.0562801361084
0.0676338672638
0.0601999759674
0.0684480667114
0.0695128440857
0.0646841526031
0.0804090499878
0.0878281593323
0.0805571079254
0.0934660434723
0.0815410614014
0.0847799777985
0.0795769691467
0.0834360122681
0.0933659076691
0.0904099941254
0.0945489406586
0.0763309001923
0.0817859172821
0.0781128406525
0.0763020515442
0.0831699371338
0.0876569747925
0.0851979255676
0.0841422080994
0.0761458873749
0.0785140991211
0.0791311264038
0.0776770114899
0.0758450031281
0.100615978241
0.0850620269775
0.0724709033966
0.0725572109222
0.0783779621124
0.0777249336243
0.0846118927002
0.0870869159698
0.0788400173187
0.0788650512695
0.0770719051361
0.0833790302277
0.0756080150604
0.0822730064392
0.0772521495819
0.10041308403
0.143948078156
0.0824987888336
0.0893819332123
0.101166963577
0.109606981277
0.107470035553
0.125694990158
0.132097005844
0.126924991608
0.10758805275
0.106980085373
0.079521894455
0.105438947678
0.155091047287
0.112053871155
0.0833039283752
0.0738480091095
0.097580909729
0.113099813461
0.132903814316
0.120927095413
0.125346899033
0.130167961121
0.111984968185
0.114897012711
0.148896932602
0.125702857971
0.0867118835449
0.0939559936523
0.0956490039825
0.0805821418762
0.0790050029755
0.0827331542969
0.0834441184998
0.0948488712311
0.0956840515137
0.116410970688
0.124392032623
0.119187831879
0.130041122437
0.131390094757
0.12798500061
0.106614112854
0.0939600467682
0.0921728610992
0.0954239368439
0.0807409286499
0.0905339717865
0.0866470336914
0.117110967636
0.109802007675
0.0992760658264
0.111982822418
0.0961170196533
0.119463920593
0.126971960068
0.137973070145
0.170991897583
0.120159864426
0.113517999649
0.120389938354
0.120027065277
0.130075931549
0.123146057129
0.117157936096
0.123272895813
0.104674100876
0.103679895401
0.0958387851715
0.116256952286
0.130131006241
0.148979902267
0.114025831223
0.127131938934
0.11386013031
0.116986989975
0.101222991943
0.105984926224
0.0967860221863
0.11718416214
0.0881090164185
0.0936160087585
0.123475074768
0.131402015686
0.129988908768
0.132762908936
0.129896879196
0.138391017914
0.123350858688
0.0888130664825
0.0874240398407
0.102823019028
0.110435962677
0.107300043106
0.0903251171112
0.104382038116
0.106199979782
0.150156021118
0.122014045715
0.139160871506
0.139461994171
0.117524147034
0.120126008987
0.0872938632965
0.090320110321
0.111361026764
0.122262001038
0.111725091934
0.0881609916687
0.0875010490417
0.085608959198
0.0817148685455
0.109073162079
0.113044023514
0.111692905426
0.0837509632111
0.107836961746
0.0983068943024
0.110365152359
0.126910924911
0.134136915207
0.110561132431
0.0884299278259
0.101540088654
0.116898059845
0.129558086395
0.133441925049
0.118741035461
0.102365016937
0.105282068253
0.0951819419861
0.0895102024078
0.113467931747
0.106856107712
0.116543054581
0.104983091354
0.0940749645233
0.108621120453
0.0863771438599
0.113351821899
0.112426042557
0.139130830765
0.119063854218
0.104287862778
0.117029905319
0.109914064407
0.146553039551
0.128806829453
0.152137994766
0.161792039871
0.14319396019
0.1283659935
0.111575126648
0.159684181213
0.183714151382
0.12131690979
0.125951051712
0.100922107697
0.09517121315
0.125545024872
0.122560977936
0.117190122604
0.122121095657
0.104919910431
0.0898640155792
0.10062289238
0.0803668498993
0.0985569953918
0.102884054184
0.0815100669861
0.0948159694672
0.0854868888855
0.0745899677277
0.0823118686676
0.0825879573822
0.0963740348816
0.10933804512
0.0918519496918
0.0816810131073
0.10008597374
0.094918012619
0.0929880142212
0.125298023224
0.0821430683136
0.108614206314
0.0829839706421
0.111950874329
0.0962109565735
0.0776760578156
0.133384943008
0.0938131809235
0.135219097137
0.0807340145111
0.101950883865
0.0796880722046
0.0911118984222
0.112411975861
0.0872089862823
0.109563827515
0.0756649971008
0.0864789485931
0.100198030472
0.115853071213
0.110600948334
0.0838069915771
0.0886030197144
0.0851008892059
0.0809550285339
0.0812330245972
0.0833010673523
0.104502916336
0.13104391098
0.0779948234558
0.066379070282
0.0481870174408
0.0459809303284
0.039932012558
0.0532190799713
0.055703163147
0.0663528442383
0.0676910877228
0.0730910301208
0.0746200084686
0.0997540950775
0.104006052017
0.158285140991
0.152139902115
0.145667076111
0.154624938965
0.119277000427
0.113528013229
0.121650934219
0.113184928894
0.137653827667
0.126397132874
0.130893945694
0.124179840088
0.0978610515594
0.152250051498
0.166213035583
0.124120950699
0.122315168381
0.110306024551
0.121937036514
0.112525939941
0.0950899124146
0.0981459617615
0.109129190445
0.13158082962
0.132172107697
0.143291950226
0.105480909348
0.100335121155
0.0994231700897
0.103429079056
0.103428840637
0.110241889954
0.108404159546
0.104500055313
0.100290060043
0.108371019363
0.110701084137
0.101171970367
0.0919768810272
0.10107588768
0.0898969173431
0.0949518680573
0.082937002182
0.092465877533
0.122807979584
0.118089199066
0.120538949966
0.124629020691
0.0879769325256
0.0960030555725
0.0906429290771
0.101711988449
0.0983819961548
0.114526987076
0.129644870758
0.0993020534515
0.0859260559082
0.0865759849548
0.0989198684692
0.125341892242
0.125283002853
0.116851806641
0.100928068161
0.0855100154877
0.077201128006
0.0837149620056
0.0997688770294
0.0936350822449
0.108409166336
0.103837966919
0.0926949977875
0.103143930435
0.100620985031
0.120152950287
0.133450031281
0.126475811005
0.117666006088
0.128556966782
0.111195087433
0.113245010376
0.109236955643
0.107115983963
0.112419128418
0.101629972458
0.108635902405
0.100874900818
0.102209091187
0.101977825165
0.108397006989
0.120368003845
0.11985707283
0.133651018143
0.128746986389
0.114111185074
0.107083082199
0.112325191498
0.119786977768
0.117533922195
0.130507946014
0.12810087204
0.12615609169
0.104729890823
0.123202085495
0.184092998505
0.141798973083
0.113347053528
0.113322973251
0.106551170349
0.0895230770111
0.12863612175
0.0936601161957
0.1102039814
0.114546060562
0.102463960648
0.100409984589
0.098669052124
0.104679107666
0.101096868515
0.113883972168
0.109439849854
0.09974193573
0.0844140052795
0.0841941833496
0.0999298095703
0.130349159241
0.114974975586
0.0978698730469
0.0788900852203
0.0897800922394
0.0888080596924
0.0794520378113
0.0800528526306
0.0857329368591
0.0855870246887
0.0864818096161
0.0876359939575
0.0825200080872
0.0784840583801
0.0760958194733
0.0869610309601
0.106051921844
0.127269983292
0.139474153519
0.109457969666
0.101258039474
0.115761995316
0.12136888504
0.123846054077
0.119635105133
0.105273962021
0.106423854828
0.0867259502411
0.0833320617676
0.0763990879059
0.0793600082397
0.0823218822479
0.0902299880981
0.122557878494
0.0986349582672
0.111856937408
0.113044977188
0.113166093826
0.133392810822
0.110461950302
0.101308107376
0.0941209793091
0.0873558521271
0.141381978989
0.160911083221
0.168507099152
0.15468621254
0.160192012787
0.141813993454
0.145488023758
0.129256010056
0.119291067123
0.13197684288
0.120239019394
0.108521938324
0.0853791236877
0.0974581241608
0.0953419208527
0.0879409313202
0.109277963638
0.113131046295
0.11695098877
0.120366096497
0.121044158936
0.113655805588
0.117999076843
0.126741886139
0.128826856613
0.121580839157
0.112656116486
0.118025064468
0.107069015503
0.124881982803
0.0936501026154
0.107902050018
0.114583969116
0.0951051712036
0.0831229686737
0.098865032196
0.102719068527
0.0928649902344
0.126138925552
0.106283903122
0.0995321273804
0.116340875626
0.101170063019
0.0892450809479
0.0965991020203
0.118072986603
0.111804962158
0.135046958923
0.12197804451
0.12851190567
0.11151599884
0.0929808616638
0.116136074066
0.118556976318
0.146014928818
0.152304172516
0.128834009171
0.103645086288
0.116428852081
0.0981550216675
0.105301856995
0.110387086868
0.137182950974
0.176907062531
0.17515707016
0.121454954147
0.12431883812
0.13236784935
0.173030853271
0.141344070435
0.152643918991
0.106942176819
0.0949499607086
0.0957698822021
0.0979290008545
0.122678041458
0.106388092041
0.111611127853
0.11571598053
0.143470048904
0.131756067276
0.116931915283
0.108780860901
0.121080160141
0.113286018372
0.07981300354
0.0905890464783
0.0986411571503
0.119239091873
0.111970186234
0.120440006256
0.113263845444
0.0988428592682
0.107844114304
0.11084318161
0.147903203964
0.136052131653
0.140852928162
0.209143877029
0.160303115845
0.117999076843
0.14937710762
0.138940095901
0.121096134186
0.112653017044
0.160807132721
0.130130052567
0.0983951091766
0.112644195557
0.132984876633
0.148666143417
0.111526012421
0.110954999924
0.0970261096954
0.0989928245544
0.092621088028
0.0848019123077
0.10697221756
0.108774900436
0.0921359062195
0.100723028183
0.109952926636
0.108496904373
0.112660884857
0.116996049881
0.136592149734
0.126210927963
0.123694896698
0.137812852859
0.1122610569
0.145467042923
0.160197019577
0.124712944031
0.120810985565
0.138204813004
0.113090991974
0.148302793503
0.131314992905
0.150656938553
0.119979858398
0.129920005798
0.108252048492
0.138473987579
0.126908063889
0.113636016846
0.10057091713
0.088497877121
0.115089893341
0.110222816467
0.10639500618
0.0984749794006
0.0951359272003
0.0926299095154
0.119960069656
0.150110006332
0.137224912643
0.0988390445709
0.0870261192322
0.0966949462891
0.0999689102173
