1.507072
0.344904
0.327964
0.217585
0.045515
0.050195
0.045344
0.046478
0.050824
0.045317
0.043810
0.047814
0.043196
0.050249
0.043955
0.055415
0.063703
0.053044
0.042655
0.047770
0.069058
0.072673
0.046275
0.048775
0.059139
0.044384
0.043736
0.045136
0.071718
0.051412
0.042170
0.044515
0.043945
0.048944
0.048442
0.041969
0.043066
0.044752
0.048363
0.085347
0.076153
0.071525
0.056352
0.043281
0.041268
0.044584
0.045964
0.078729
0.053400
0.046933
0.043580
0.047856
0.046060
0.046591
0.049190
0.045177
0.048520
0.047342
0.072686
0.046376
0.047577
0.049292
0.066380
0.047920
0.048599
0.046213
0.057578
0.055921
0.056195
0.051091
0.046335
0.050424
0.048792
0.047124
0.051084
0.072194
0.044988
0.045363
0.052306
0.044051
0.042496
0.047671
0.042818
0.058396
0.043415
0.042483
0.046714
0.079112
0.056762
0.043359
0.046628
0.042510
0.046730
0.042550
0.052470
0.077061
0.054291
0.047464
0.079509
0.068367
0.063646
0.048387
0.046231
0.045322
0.046415
0.044730
0.044687
0.078524
0.059746
0.042706
0.049135
0.044815
0.042993
0.049988
0.042115
0.071213
0.044816
0.042520
0.045986
0.044799
0.043604
0.042558
0.045693
0.042855
0.042827
0.042046
0.050454
0.043746
0.042731
0.043198
0.043632
0.043731
0.044797
0.071710
0.046617
0.075773
0.049389
0.045964
0.091102
0.068336
0.049182
0.080012
0.054963
0.047177
0.078424
0.066173
0.056819
0.047161
0.046766
0.043797
0.045126
0.048531
0.065805
0.043584
0.050759
0.058752
0.047253
0.083258
0.066765
0.056515
0.045226
0.080868
0.062963
0.043522
0.079373
0.066557
0.042687
0.072101
0.047442
0.053184
0.043518
0.042786
0.045518
0.042412
0.046362
0.079588
0.056045
0.045978
0.051041
0.044591
0.054775
0.072989
0.059891
0.046006
0.073059
0.052911
0.044786
0.074289
0.049431
0.058304
0.044881
0.047865
0.045901
0.088697
0.076277
0.051280
0.048396
0.078965
0.064723
0.051951
0.079453
0.056314
0.045088
0.042726
0.050388
0.043770
0.043899
0.043811
0.043126
0.045890
0.062729
0.043666
0.048969
0.041965
0.045541
0.046280
0.043212
0.044669
0.043857
0.048276
0.042936
0.066696
0.046941
0.052550
0.042416
0.078116
0.055752
0.052368
0.051079
0.048067
0.058544
0.048303
0.070728
0.048632
0.045633
0.044600
0.046966
0.045698
0.044943
0.046115
0.069460
0.075894
0.054927
0.043870
0.074200
0.048354
0.042760
0.043826
0.043698
0.055375
0.043447
0.048211
0.042353
0.046963
0.037973
0.078861
0.044406
0.044543
0.042441
0.062184
0.044963
0.050339
0.048042
0.053206
0.056633
0.041828
0.038812
0.038809
0.060261
0.048290
0.049644
0.049724
0.047938
0.060686
0.044438
0.049821
0.059340
0.047046
0.043692
0.048066
0.055971
0.048971
0.046501
0.057371
0.043398
0.068175
0.040996
0.042624
0.044605
0.042115
0.042184
0.045191
0.042881
0.042196
0.041477
0.045350
0.044035
0.038889
0.046147
0.036751
0.037896
0.042682
0.040862
0.048737
0.078188
0.082119
0.066246
0.055757
0.066463
0.042602
0.051461
0.037317
0.038965
0.038958
0.041330
0.067691
0.040159
0.039752
0.045466
0.067441
0.039352
0.040387
0.040347
0.040115
0.042999
0.038444
0.045576
0.042137
0.036348
0.037583
0.036988
0.059000
0.039577
0.068122
0.039734
0.066801
0.037711
0.038321
0.038833
0.035519
0.039709
0.034497
0.037505
0.032275
0.033766
0.030515
0.039001
0.035008
0.032909
0.038354
0.039764
0.046665
0.037548
0.045442
0.032143
0.055032
0.043395
0.033510
0.027225
0.028087
0.060022
0.032090
0.031128
0.027920
0.036157
0.029849
0.028467
0.030842
0.028698
0.031406
0.031979
0.060082
0.048030
0.041545
0.039753
0.047473
0.034968
0.048050
0.038788
0.041998
0.055587
0.039863
0.040361
0.042574
0.064868
0.041901
0.035281
0.036056
0.035391
0.033628
0.036523
0.034927
0.054467
0.041723
0.036651
0.043590
0.038333
0.037730
0.034622
0.034166
0.039932
0.036257
0.043947
0.039513
0.045941
0.066792
0.052585
0.040905
0.039846
0.049563
0.040787
0.040183
0.046647
0.044752
0.067639
0.043172
0.038322
0.032724
0.039145
0.034353
0.034835
0.036079
0.052174
0.040395
0.033694
0.040343
0.038131
0.034019
0.062336
0.049454
0.035628
0.034361
0.038424
0.065993
0.038921
0.040914
0.068710
0.044896
0.036502
0.034630
0.045389
0.039910
0.037398
0.038526
0.036519
0.038745
0.036310
0.033791
0.034720
0.046407
0.037720
0.044335
0.045940
0.037438
0.066732
0.037085
0.074318
0.045782
0.042145
0.042974
0.064267
0.054465
0.038634
0.038334
0.038241
0.035662
0.040983
0.045608
0.041130
0.039951
0.049824
0.036625
0.037863
0.035343
0.067610
0.037695
0.035436
0.042276
0.034463
0.041324
0.036812
0.053696
0.042699
0.034034
0.058240
0.049601
0.035662
0.067380
0.036978
0.036206
0.037937
0.035566
0.034625
0.041871
0.033988
0.036377
0.068008
0.078747
0.070589
0.039993
0.036698
0.040969
0.039796
0.040268
0.034846
0.034643
0.037052
0.035239
0.037025
0.044995
0.037587
0.042059
0.039740
0.052119
0.050102
0.049744
0.045293
0.042976
0.038138
0.042515
0.043496
0.035509
0.039536
0.034600
0.034763
0.036817
0.043941
0.053616
0.038795
0.044990
0.037056
0.068503
0.042927
0.043366
0.045683
0.035918
0.041626
0.038468
0.039019
0.035557
0.036010
0.068906
0.038341
0.038743
0.041639
0.047428
0.038544
0.070361
0.037989
0.054488
0.039228
0.049298
0.042746
0.036006
0.036407
0.042935
0.035980
0.077962
0.050508
0.036466
0.039224
0.034772
0.069694
0.044823
0.037340
0.041833
0.038051
0.041687
0.037723
0.072826
0.043825
0.040240
0.035144
0.036932
0.035869
0.034012
0.034401
0.034519
0.037777
0.035896
0.067003
0.057870
0.039470
0.035809
0.037327
0.044274
0.039136
0.036745
0.035184
0.038696
0.046835
0.037687
0.068308
0.039537
0.042101
0.040876
0.039391
0.073285
0.081603
0.053349
0.046279
0.043524
0.034808
0.038789
0.034938
0.034259
0.036027
0.034398
0.040981
0.039255
0.047723
0.069770
0.039989
0.045657
0.040248
0.069536
0.048964
0.034629
0.039357
0.034448
0.041922
0.036617
0.038954
0.069903
0.055311
0.038162
0.034636
0.037286
0.043577
0.049927
0.040130
0.046234
0.043806
0.034329
0.048035
0.038683
0.036650
0.041386
0.048922
0.041150
0.067659
0.057533
0.047281
0.078656
0.072685
0.043911
0.040112
0.042321
0.045443
0.037086
0.039059
0.042303
0.038381
0.040417
0.036758
0.040945
0.035096
0.033843
0.042401
0.038211
0.035004
0.034712
0.036821
0.034072
0.048272
0.041453
0.036540
0.033515
0.036117
0.034006
0.041253
0.041825
0.034364
0.041763
0.038256
0.033089
0.030785
0.032918
0.030797
0.033764
0.081698
0.061370
0.045852
0.028198
0.029518
0.041236
0.047450
0.054333
0.033040
0.033436
0.059643
0.041358
0.033636
0.030360
0.044472
0.043942
0.062362
0.030553
0.034970
0.031059
0.045574
0.029697
0.031008
0.030642
0.031034
0.033727
0.032637
0.034169
0.037290
0.033019
0.037760
0.032129
0.039613
0.032653
0.030273
0.030261
0.032343
0.066905
0.038152
0.041965
0.037158
0.035274
0.053720
0.067330
0.039638
0.041834
0.040012
0.062736
0.032834
0.048453
0.032607
0.026646
0.027783
0.021572
0.022034
0.028544
0.032834
0.029094
0.030337
0.030702
0.031243
0.031647
0.049174
0.035814
0.033327
0.031730
0.063062
0.032110
0.037581
0.047095
0.043773
0.035194
0.034962
0.039250
0.045198
0.049579
0.047761
0.032699
0.033266
0.027331
0.026406
0.037345
0.063435
0.049657
0.036634
0.030218
0.029087
0.029887
0.032450
0.033874
0.062916
0.034237
0.053011
0.040012
0.044969
0.067453
0.043011
0.042909
0.072707
0.041969
0.038044
0.036187
0.073228
0.043263
0.038078
0.040003
0.039968
0.044978
0.038603
0.048751
0.051910
0.046222
0.084195
0.077707
0.075663
0.049379
0.044764
0.042677
0.045397
0.051133
0.046986
0.045599
0.049483
0.044983
0.070754
0.046455
0.058393
0.056303
0.055266
0.046362
0.045941
0.059130
0.047804
0.047449
0.049774
0.048606
0.048671
0.044826
0.049398
0.049315
0.070757
0.052203
0.047384
0.047496
0.045992
0.040997
0.039207
0.038477
0.043001
0.039258
0.044081
0.068298
0.040922
0.040703
0.043757
0.041938
0.041437
0.041042
0.042270
0.043217
0.068266
0.044733
0.044042
0.049474
0.045199
0.039897
0.038110
0.036946
0.039523
0.037008
0.042758
0.044489
0.040660
0.042956
0.048167
0.047441
0.044851
0.046371
0.042839
0.044069
0.071384
0.044894
0.049929
0.042777
0.044926
0.043347
0.042191
0.041759
0.042089
0.044292
0.040899
0.047958
0.039647
0.040097
0.040225
0.046431
0.042269
0.043912
0.043183
0.042471
0.043095
0.055020
0.043770
0.041507
0.048280
0.071509
0.050492
0.044043
0.041657
0.048643
0.041510
0.050006
0.046592
0.042937
0.055662
0.045248
0.040892
0.045672
0.044826
0.072943
0.046391
0.039997
0.042070
0.078260
0.054290
0.045703
0.039433
0.039739
0.042772
0.041685
0.048132
0.040053
0.040305
0.040183
0.041568
0.040072
0.047248
0.041939
0.043615
0.039804
0.040550
0.045418
0.040037
0.039426
0.044786
0.045272
0.041221
0.046530
0.042077
0.042560
0.044848
0.042074
0.047088
0.041294
0.050289
0.049945
0.085624
0.069883
0.058425
0.045360
0.040192
0.039761
0.042868
0.047177
0.039858
0.043302
0.042755
0.059581
0.043960
0.041408
0.042949
0.041341
0.043771
0.049098
0.042097
0.042492
0.045979
0.041010
0.040605
0.040413
0.044891
0.049260
0.045117
0.065998
0.050207
0.042030
0.060468
0.043684
0.040105
0.041952
0.039540
0.041180
0.039850
0.047100
0.039290
0.040710
0.041979
0.039471
0.041734
0.040071
0.045411
0.039357
0.041323
0.072854
0.048887
0.040820
0.050197
0.045075
0.051511
0.063059
0.060934
0.050239
0.070112
0.055239
0.044114
0.048906
0.046609
0.058292
0.046851
0.048205
0.068806
0.046166
0.041132
0.042176
0.042368
0.048342
0.042593
0.049284
0.071208
0.051972
0.041591
0.041545
0.040788
0.040232
0.046130
0.042337
0.040800
0.039314
0.044133
0.071551
0.059909
0.041046
0.040781
0.044816
0.039909
0.066196
0.041214
0.070625
0.047457
0.046498
0.044269
0.045433
0.066650
0.041761
0.051186
0.056613
0.052071
0.048505
0.072623
0.045053
