0.407607
0.411966
0.566350
0.571229
0.359318
0.363926
0.368500
0.296855
0.299814
0.302658
0.360191
0.364702
0.367372
0.268035
0.281560
0.283952
0.485656
0.488008
0.276177
0.280106
0.261651
0.264028
0.574076
0.350739
0.355047
0.304957
0.376214
0.378535
0.440403
0.442976
0.445074
0.280489
0.282782
0.568713
0.571006
0.354449
0.357098
0.368841
0.483491
0.272085
0.274203
0.560657
0.337180
0.315232
0.378424
0.452124
0.279700
0.577972
0.351982
0.399239
0.461892
0.279267
0.592424
0.367618
0.417174
0.475995
0.281161
0.296433
0.298467
0.362187
0.364908
0.426569
0.280358
0.458436
0.278994
0.281362
0.577780
0.582094
0.357178
0.399925
0.279424
0.424063
0.283721
0.451782
0.277196
0.580970
0.387709
0.504535
0.289303
0.291246
0.324532
0.488501
0.282100
0.312782
0.376291
0.378519
0.441241
0.443496
0.278379
0.568483
0.339483
0.390572
0.394464
0.455355
0.457547
0.278430
0.480052
0.282899
0.298904
0.365026
0.368951
0.426715
0.278508
0.557534
0.329624
0.376712
0.381050
0.439702
0.278270
0.573115
0.344445
0.346428
0.392938
0.395119
0.452846
0.278285
0.583860
0.356766
0.404216
0.406625
0.279234
0.430661
0.277952
0.559906
0.367757
0.379501
0.383673
0.441753
0.444196
0.278988
0.468306
0.282380
0.596209
0.598987
0.373945
0.375859
0.280947
0.378663
0.417341
0.814450
0.590509
0.592473
0.363134
0.365211
0.495545
0.280019
0.280215
0.584913
0.358685
0.402436
0.464660
0.466850
0.278130
0.277122
0.455163
0.277054
