0.501224
0.520702
0.307960
0.283523
0.245678
0.401867
0.250409
0.533323
0.317369
0.248522
0.350585
0.412987
0.250317
0.260198
0.404804
0.245001
0.420465
0.257128
0.566105
0.342695
0.358263
0.363108
0.504877
0.290932
0.329996
0.367736
0.256653
0.260836
0.380855
0.447716
0.256762
0.581932
0.359302
0.399681
0.260991
0.429567
0.255695
0.558706
0.335580
0.311186
0.446171
0.254053
0.495395
0.295062
0.399146
0.260875
0.293024
0.491072
0.277127
0.276153
0.250076
0.341959
0.405952
0.248969
0.335184
0.398377
0.249364
0.425367
0.249160
0.457061
0.249448
0.277665
0.276309
0.407865
0.247605
0.379264
0.295609
0.298637
0.361512
