0.355188
0.302081
0.274504
0.301854
0.247881
0.336764
0.247553
0.312414
0.279691
0.326863
0.301876
0.315825
0.218448
0.235575
0.313226
0.290495
0.314968
0.254221
0.307963
0.224781
0.358781
0.330930
0.248457
0.283781
0.354331
0.328113
0.301677
0.273600
0.295496
0.326455
0.297708
0.272352
0.324430
0.295606
0.293332
0.318980
0.293334
0.287572
0.251576
0.356436
0.306355
0.325976
0.250750
0.294980
0.293268
0.373211
0.369597
0.339295
0.337915
0.274039
0.253218
0.345360
0.320222
0.367439
0.342026
0.265260
0.261755
0.288262
0.306542
0.281271
0.304690
0.278235
0.227850
0.226964
0.274806
0.246619
0.320126
0.314280
0.279652
0.271702
0.325699
0.314970
0.303839
0.221596
0.270607
0.287104
0.221061
0.278317
0.304958
0.272709
0.321052
0.275883
0.218244
0.224277
0.268885
0.244584
0.291522
0.306704
0.332875
0.329800
0.322809
0.319535
0.290939
0.282636
0.220728
0.220015
0.279028
0.329696
0.219231
0.218900
0.292897
0.278953
0.246468
0.243043
0.363371
0.328950
0.254855
0.327156
0.221617
0.241512
0.289980
0.232526
0.306860
0.281848
0.291827
0.277743
0.301332
0.221508
0.269000
0.219363
0.269380
0.239571
0.289390
0.263334
0.337716
0.222664
0.287144
0.260877
0.222266
0.312110
0.282484
0.256709
0.228482
0.248900
0.283421
0.298308
0.221297
0.337363
0.216732
0.220948
0.297219
0.268820
0.275014
0.216932
0.220811
0.318335
0.324546
0.215864
0.218722
0.266830
0.273929
0.216087
0.287432
0.265268
0.220370
0.283300
0.256161
0.313993
0.319913
0.220765
0.279417
0.253809
0.261995
0.328269
0.302425
0.311448
0.324800
0.273708
0.268543
0.242967
0.337339
0.311132
0.223222
0.335066
0.328453
0.303133
0.302353
0.228041
0.329107
0.288848
0.222183
0.290387
0.282875
0.286620
0.227576
