0.014542579650878906
0.014005422592163086
0.013631105422973633
0.013989925384521484
0.01386117935180664
0.013987541198730469
0.014113426208496094
0.014394998550415039
0.014306306838989258
0.014082193374633789
0.014081954956054688
0.014181852340698242
0.014307260513305664
0.014467477798461914
0.014703512191772461
0.014908552169799805
0.015255451202392578
0.015027046203613281
0.014892578125
0.014894247055053711
0.014828920364379883
0.014879226684570312
0.014973878860473633
0.014845609664916992
0.01474142074584961
0.014841318130493164
0.014801979064941406
0.014775276184082031
0.014979839324951172
0.01474905014038086
0.014838695526123047
0.014653921127319336
0.014683008193969727
0.014689207077026367
0.014659404754638672
0.014667987823486328
0.014700174331665039
0.014669418334960938
0.014668703079223633
0.014653921127319336
0.014644384384155273
0.014388561248779297
0.014536619186401367
0.014491081237792969
0.014669179916381836
0.014494657516479492
0.014621734619140625
0.014699220657348633
0.014994144439697266
0.015220165252685547
0.015090227127075195
0.015270233154296875
0.015171289443969727
0.015075445175170898
0.015158653259277344
0.01507568359375
0.015150785446166992
0.015101909637451172
0.015114307403564453
0.01523447036743164
0.015064001083374023
0.015100479125976562
0.015053749084472656
0.014852046966552734
0.01485896110534668
0.014756202697753906
0.014617204666137695
0.014804601669311523
0.01471567153930664
0.01458120346069336
0.014611959457397461
0.014679908752441406
0.014541387557983398
0.014523029327392578
0.014498710632324219
0.014525890350341797
0.014498233795166016
0.014487266540527344
0.014513492584228516
0.014539718627929688
0.014513492584228516
0.014509916305541992
0.01455235481262207
0.014733552932739258
0.014491081237792969
0.014526128768920898
0.014608144760131836
0.014531373977661133
0.014484167098999023
0.01447153091430664
0.014480113983154297
0.014486312866210938
0.014478206634521484
0.014468669891357422
0.014496803283691406
0.014532089233398438
0.01446676254272461
0.014644861221313477
0.014459371566772461
0.014324426651000977
0.014367341995239258
0.014365673065185547
0.014368057250976562
0.014432191848754883
0.014457941055297852
0.014414310455322266
0.014350652694702148
0.014296770095825195
0.013937711715698242
0.014141082763671875
0.014310598373413086
0.013803958892822266
0.013713598251342773
0.01394343376159668
0.014180660247802734
0.014372587203979492
0.014361858367919922
0.014364957809448242
0.014890432357788086
0.014881372451782227
0.014856815338134766
0.014822006225585938
0.014921188354492188
0.014994144439697266
0.015130043029785156
0.01574873924255371
0.015403032302856445
0.015421628952026367
0.015438318252563477
0.015568017959594727
0.015586376190185547
0.015442371368408203
0.01543736457824707
0.015615224838256836
0.015717029571533203
0.015694141387939453
0.015593290328979492
0.01513814926147461
0.014971733093261719
0.015005350112915039
0.015238046646118164
0.015359878540039062
0.01533651351928711
0.015290975570678711
0.015292882919311523
0.015134096145629883
0.014986753463745117
0.015180826187133789
0.015063285827636719
0.01535797119140625
0.015076875686645508
0.015088558197021484
0.014840841293334961
0.014592885971069336
0.014829158782958984
0.014787912368774414
0.014916658401489258
0.014638185501098633
0.014920234680175781
0.014869451522827148
0.014935731887817383
0.01486063003540039
0.014785289764404297
0.014816045761108398
0.014925479888916016
0.015077590942382812
0.014976024627685547
0.014993429183959961
0.015094518661499023
0.014977455139160156
0.015053749084472656
0.015059947967529297
0.014953136444091797
0.014968156814575195
0.014979362487792969
0.014974594116210938
0.015059232711791992
0.014971733093261719
0.015037775039672852
0.014948606491088867
0.014959573745727539
0.014946460723876953
0.01493072509765625
0.014984130859375
0.014992952346801758
0.014623880386352539
0.014699935913085938
0.014859676361083984
0.014823675155639648
0.014990806579589844
0.015116214752197266
0.015167236328125
0.015060186386108398
0.015071630477905273
0.015130758285522461
0.015152931213378906
0.015377521514892578
0.015154123306274414
0.015202999114990234
0.01525568962097168
0.015214681625366211
0.01513814926147461
0.015398740768432617
0.015136241912841797
0.015248775482177734
0.015142679214477539
0.015231847763061523
0.015191078186035156
0.015252828598022461
0.015150070190429688
0.015311002731323242
0.015134096145629883
0.01514124870300293
0.015253067016601562
0.015172719955444336
0.0151824951171875
0.015175104141235352
0.015178680419921875
0.01514887809753418
0.014852762222290039
0.014931201934814453
0.014971256256103516
0.014997720718383789
0.015072345733642578
0.015147686004638672
0.015289306640625
0.016493558883666992
0.015041112899780273
0.015092611312866211
0.015071868896484375
0.015074729919433594
0.015156030654907227
0.01507711410522461
0.01519322395324707
0.015066385269165039
0.01528024673461914
0.01514291763305664
0.015009403228759766
0.015084266662597656
0.015034914016723633
0.015074968338012695
0.015085697174072266
0.015132904052734375
0.015034675598144531
0.015154838562011719
0.015069723129272461
0.015241622924804688
0.015131950378417969
0.015056133270263672
0.015013933181762695
0.015015363693237305
0.015029668807983398
0.014972209930419922
0.015082597732543945
0.015022516250610352
0.015027046203613281
0.015038251876831055
0.014702081680297852
0.014664173126220703
0.014559507369995117
0.014398813247680664
0.01431727409362793
0.014121770858764648
0.014178752899169922
0.014244318008422852
0.014092206954956055
0.014276266098022461
0.014741897583007812
0.015056848526000977
0.015107393264770508
0.015144824981689453
0.015185356140136719
0.015278100967407227
0.014537811279296875
0.014545917510986328
0.01445913314819336
0.014171600341796875
0.014233827590942383
0.014278888702392578
0.01448512077331543
0.014455556869506836
0.014441967010498047
0.014482259750366211
0.014419794082641602
0.014467716217041016
0.014408349990844727
0.014403581619262695
0.014613628387451172
0.014528512954711914
0.014462471008300781
0.014515399932861328
0.014403104782104492
0.014398813247680664
0.014360427856445312
0.014743328094482422
0.01441335678100586
0.014405250549316406
0.014516115188598633
0.014424324035644531
0.01452183723449707
0.014405250549316406
0.014539480209350586
0.01446676254272461
0.014384746551513672
0.014392852783203125
0.014420509338378906
0.014498233795166016
0.014372110366821289
0.014499664306640625
0.0143890380859375
0.014419794082641602
0.014500617980957031
0.014389276504516602
0.014488935470581055
0.01436305046081543
0.01457071304321289
0.014542579650878906
0.014474868774414062
0.01439976692199707
0.014287233352661133
0.014269590377807617
0.014434099197387695
0.01461172103881836
0.014775276184082031
0.014688968658447266
0.014488697052001953
0.014400482177734375
0.014186859130859375
0.014178991317749023
0.014114618301391602
0.014286518096923828
0.014238357543945312
0.014353752136230469
0.014245748519897461
0.014179468154907227
0.01432657241821289
0.014345645904541016
0.014336585998535156
0.014354705810546875
0.014207124710083008
0.014245986938476562
0.014312267303466797
0.014227628707885742
0.014409303665161133
0.014269590377807617
0.014225244522094727
0.014198064804077148
0.014182090759277344
0.014353275299072266
0.014201879501342773
0.014302730560302734
0.014154911041259766
0.014286994934082031
0.014320611953735352
0.01434469223022461
0.014664411544799805
0.014560222625732422
0.014693021774291992
0.014510393142700195
0.014649629592895508
0.014300346374511719
0.013894319534301758
0.013488531112670898
0.013068675994873047
0.012963294982910156
0.013021469116210938
0.013077259063720703
0.01307058334350586
0.013097286224365234
0.013295412063598633
0.013114213943481445
0.013200521469116211
0.013123512268066406
0.01309347152709961
0.0132293701171875
0.013124227523803711
0.013288021087646484
0.013139009475708008
0.013195991516113281
0.013121843338012695
0.013192176818847656
0.01309514045715332
0.01310110092163086
0.013191938400268555
0.013092517852783203
0.013195037841796875
0.01319742202758789
0.013226032257080078
0.013100385665893555
0.0131683349609375
0.013219356536865234
0.013157844543457031
0.013214349746704102
0.013297796249389648
0.013221263885498047
0.013212203979492188
0.013185262680053711
0.013436555862426758
0.013209819793701172
0.013275146484375
0.013061285018920898
0.013588190078735352
0.013956785202026367
0.014307498931884766
0.0146484375
0.014726877212524414
0.014812231063842773
0.014729022979736328
0.014592647552490234
0.014637947082519531
0.014546394348144531
0.014403820037841797
0.01446843147277832
0.014751195907592773
0.014755964279174805
0.014721870422363281
0.014783620834350586
0.014539003372192383
0.014531373977661133
0.014507770538330078
0.014658689498901367
0.014474868774414062
0.014512777328491211

