1.9554338846442898
4.446510050038165
4.346055209759161
4.310488918303965
4.251348595453799
4.265161121715052
4.286695140360183
4.263747658107598
4.089960917083369
4.358461078043428
4.2224593590058515
4.216063101667707
3.936642852047769
3.8980774038492814
3.7582392572236025
3.894750917438008
3.884334135951102
3.7946307243292927
3.87768339539889
3.898131746188119
3.750771517306937
3.7564216810604627
3.880761736279069
3.888825120323248
3.7849297799323023
3.910627109478434
3.9183649065508743
3.7644423303027312
3.913863909306464
3.9086191199068856
3.904387602931895
4.265195819719559
3.9067296318029823
3.90115193764562
3.7728604016896585
3.9118088146418257
3.9197454312669096
3.7829054648830396
3.9185479440792546
3.9123050518618014
3.7680812567266244
3.921148923678695
3.8977622481599883
3.7833900109145686
3.91093340892307
3.9162868000634927
3.7458741659693153
3.869173483046149
3.912575116184051
3.754427737427517
3.9022734631143727
3.894269970149808
3.738692033972032
4.26622400426388
4.261542619449677
4.248958351272417
4.242923662245673
4.23777081525204
4.265425708259519
4.26085428304691
4.263890696161353
4.249828002857331
4.241953867796964
4.266801219520879
4.259776768938586
4.272934541431421
4.270372138910411
4.253193720250589
4.253819184206229
4.277305105573657
4.267904004558614
4.274528348035939
4.257122093613359
4.277937681676781
4.2746808235247356
4.278570444912552
4.2698939322832095
4.217771681636626
4.305011680372458
4.2720249499137815
4.270280836645599
4.273840165479575
4.241868066631135
4.269159441649889
4.276720684307286
4.2734700323492705
4.280343178225511
4.263964386176974
4.279880204692833
4.278286769280986
4.259274980553361
4.286966787103236
4.23816048469563
4.279063693643694
4.271446320549117
4.281090261786945
4.275600263408449
4.263600295604459
4.277069573313184
4.279264517735113
4.258604671941647
4.264506302755969
4.2563185614401835
4.250525703479929
4.271581175037605
4.261863053118027
4.273857585088844
4.252831466643954
4.283875553957701
4.2775493886525675
4.2672092703845195
4.288623701057355
4.277396708458515
4.279203395364022
4.246665384187026
4.272590679011528
4.273983881502858
4.260906225206198
4.271994491828391
4.257636340565918
4.236482418963198
4.26697050774693
4.2547167227462745
4.263717317935998
4.26769121818796
4.250922030524556
4.260144533769406
4.224930521349261
4.272525394930385
4.236961730704735
4.248364437466765
4.260226748709531
4.241572079251175
4.262114237518926
4.258215557299509
4.244241748411813
4.256240816359666
4.248639855106963
4.26945929191559
4.264389237111935
4.262257165997498
4.2558262238925915
4.2298602048822405
4.259318233516394
4.255014547564652
4.26467974515454
4.262880966101678
4.248454804943814
4.26999391208563
4.227174508981843
4.2966061934664355
4.2613694321227475
4.257951864470099
4.267734642254633
4.273291520464261
4.264831518826839
4.2603349310970735
4.239244228061682
4.269854811026299
4.26669270849228
4.261585918480978
4.273069489907464
4.2568455751907015
4.2688118418883185
4.268364390540264
4.266740452664892
4.253719960406965
4.228632034858985
4.255791678166145
4.274545773255554
4.191596228836172
4.265421370510522
4.251111604369186
4.270046077319493
4.263986060195719
4.262486737858789
4.2630802740614335
4.2511374566580615
4.263058609249984
4.251525278726378
4.285302396387284
4.24730613323666
4.250805709490549
4.271020062360113
4.267469769192811
4.277671540655842
4.253935670225217
4.261538289594939
4.266028741226236
4.258042640282387
4.259050079305604
4.218195861358736
4.250004559760217
4.263435608390044
4.250107916949547
4.260763387315345
3.9399598893434344
4.241979608823568
4.2581809727725615
4.256668449452935
4.256024872703953
4.247314735210158
3.887750949853131
4.241263266891018
4.242464456510305
4.128390123291528
4.264553998009205
4.241134608345349
4.170171219154751
4.257091847661155
4.265204494308897
4.266527782298754
4.241627841831312
4.265855189086548
4.2677824097486425
4.259525859967828
4.240937347068364
4.266866328787358
4.245354386497634
4.268529458758349
4.263717317935998
4.235092172715422
4.268486018515786
4.26426350709744
4.257692526332031
4.260759059043908
4.15845396833895
4.248880874837285
3.894530317844551
4.26001905392586
4.263405272659261
4.244005548984154
4.257485078565918
4.251999379581542
4.265928947020473
3.891744236108018
3.9052346276283236
4.249259675381712
4.263119271276953
4.2662326830359865
4.263457277033483
4.185163602691722
4.243314279933228
4.258366871210491
4.2586911515198285
4.260754730781264
3.8896329413379402
4.244662678011934
4.264870548088675
4.255757133000528
4.265486437671868
4.27119838451645
4.248842137679251
4.264072758474154
4.269806997130254
4.266644965388156
4.251585612963456
4.254967065452151
4.270537362457224
4.2704764891367315
4.275643848575297
4.265733710990537
4.266948803377502
4.2793125436802075
4.264441265493573
4.277196059635741
4.2716420798557895
4.24550908507509
3.904885594399865
4.265716357541604
4.238700145322103
4.245173919072243
4.241949577656235
4.282213562218789
4.267843206287541
4.273726941480473
4.266215325527084
3.901540224624618
4.2604907233878295
4.262686008955667
3.915314359966245
3.7902860401249603
4.254470724992849
4.257005433022996
3.7840692667250684
4.253650937885377
4.277130634741774
4.239788450496931
4.266844625477747
3.7695916481825664
3.7445398317311125
4.231208601421599
4.271685584360694
4.235844931240678
3.9327966214530976
4.272729958386178
4.262109906502549
4.25570099830251
4.250900489112038
4.268255799990638
4.2648488650772425
4.270463445079549
4.254311057465552
4.285967997563899
4.254462094009291
4.249819390700724
4.288290462056901
4.234463653287781
4.266280416913752
4.276040514433395
4.264194141987169
4.274641614502968
4.248175108551542
4.273639850178718
4.275909737337078
4.266718750635791
4.2774054327474165
3.8984324678523463
3.903119570669354
3.9129912341915043
3.8997155849939706
3.9204342262564063
3.8714234157066496
3.910291693702966
3.9027454950470175
3.9098725048869865
3.9181123428408084
3.8958361972558357
3.916758570906962
3.909369596927909
3.9040278195341753
3.9121955769463956
3.890805599979221
3.9176914756689203
3.908659186640325
3.90115193764562
3.9164769575829785
3.8953513642028854
3.9143095253427105
3.90492922014142
3.9162246371872453
3.9075485496816147
3.9010757408623413
3.9057873911994854
4.25065924020666
4.25674621015679
4.275208036890108
4.262248503392581
4.281946888922465
4.266601563493396
4.248885179009557
4.2634919473211275
4.239702736906798
4.198809322402938
4.275748456601343
4.2672266359823015
4.256590691590037
4.233963536445889
4.2560637409448505
4.182688673553542
4.272429648553448
4.283350575105876
4.2726037360671665
4.290229235476008
4.294494558039051
4.268881357312245
4.325946889803614
4.273740005481892
4.299023923758842
4.2947935801892685
4.299698202335652
4.293298885706624
4.245981845035932
4.298235330286324
4.297222478356642
4.298032721705644
4.299402903987986
4.282637684888511
4.293588950900626
4.263552621681349
4.303055111841572
4.279574522357983
4.282904444237951
4.292754020710985
4.294863944394042
4.290018605098349
4.197074068885464
4.264918251489918
4.273740005481892
4.294732013401378
4.291629575513495
4.28579719859562
3.9244325470378483
3.7808355996570993
3.800444893465684
4.11696273800386
3.9063657784690466
3.92844639052146
3.7956093936786055
3.9378810027442994
3.9378514258889803
3.7925102898519274
3.883697523187994
3.9072100220032455
3.862606527092462
3.912356142252436
3.9050637389811444
3.7936319720120077
3.9310015829710183
3.9216182000759208
3.857586819303459
3.9232725616252435
3.9379216716458267
3.8394610131634352
3.9365578732490203
3.9457122886765137
3.808201840043509
3.86502689841632
3.938202679736721
3.9432157912747865
3.8208189478478705
3.9390052525654737
3.9351913270691328

