0.5113937854766846
0.22489380836486816
0.23009228706359863
0.23199057579040527
0.23521804809570312
0.23445653915405273
0.23327851295471191
0.23453378677368164
0.24449968338012695
0.22943758964538574
0.23682737350463867
0.23718619346618652
0.25402164459228516
0.25653505325317383
0.26607775688171387
0.25675415992736816
0.2574427127838135
0.26352643966674805
0.25788450241088867
0.2565314769744873
0.26660680770874023
0.266207218170166
0.25767946243286133
0.25714564323425293
0.2642018795013428
0.25571179389953613
0.2552070617675781
0.2656393051147461
0.25550055503845215
0.2558431625366211
0.2561197280883789
0.23445415496826172
0.255967378616333
0.2563331127166748
0.265047550201416
0.2556345462799072
0.25511670112609863
0.2643435001373291
0.25519514083862305
0.2556021213531494
0.2653822898864746
0.25502586364746094
0.25655579566955566
0.2643096446990967
0.2556920051574707
0.2553424835205078
0.2669556140899658
0.2584519386291504
0.2555844783782959
0.26634740829467773
0.2562594413757324
0.25678586959838867
0.2674694061279297
0.23439693450927734
0.23465466499328613
0.2353498935699463
0.2356853485107422
0.23597121238708496
0.23444151878356934
0.2346935272216797
0.2345263957977295
0.23530197143554688
0.23573899269104004
0.23436641693115234
0.23475265502929688
0.23402953147888184
0.23416996002197266
0.23511576652526855
0.23508119583129883
0.23379063606262207
0.23430538177490234
0.23394250869750977
0.23489761352539062
0.23375630378723145
0.2339344024658203
0.23372149467468262
0.23419642448425293
0.2370908260345459
0.2322859764099121
0.23407959938049316
0.234175443649292
0.23398041725158691
0.23574352264404297
0.2342369556427002
0.23382258415222168
0.23400020599365234
0.23362445831298828
0.23452210426330566
0.23364996910095215
0.23373699188232422
0.23478055000305176
0.23326396942138672
0.23594975471496582
0.23369455337524414
0.23411083221435547
0.23358392715454102
0.23388385772705078
0.2345421314239502
0.23380327224731445
0.23368382453918457
0.2348170280456543
0.23449230194091797
0.23494338989257812
0.23526310920715332
0.23410391807556152
0.23463797569274902
0.2339777946472168
0.2351362705230713
0.23343229293823242
0.23377752304077148
0.2343437671661377
0.23317384719848633
0.23378562927246094
0.233687162399292
0.23547768592834473
0.23404860496520996
0.23397231101989746
0.23469042778015137
0.23408126831054688
0.23487067222595215
0.23604345321655273
0.23435688018798828
0.2350320816040039
0.23453593254089355
0.23431730270385742
0.23524165153503418
0.23473095893859863
0.23668909072875977
0.23405241966247559
0.23601675033569336
0.2353830337524414
0.2347276210784912
0.23576068878173828
0.23462414741516113
0.23483848571777344
0.2356119155883789
0.23494768142700195
0.2353675365447998
0.2342205047607422
0.2344985008239746
0.23461604118347168
0.2349703311920166
0.23641276359558105
0.23477792739868164
0.2350156307220459
0.2344827651977539
0.23458147048950195
0.23537850379943848
0.23418951034545898
0.23656344413757324
0.2327406406402588
0.2346651554107666
0.23485350608825684
0.2343149185180664
0.2340104579925537
0.23447465896606445
0.23472166061401367
0.23588991165161133
0.23419880867004395
0.23437190055847168
0.23465275764465332
0.2340223789215088
0.23491454124450684
0.23425555229187012
0.23428034782409668
0.23436927795410156
0.23508667945861816
0.2364816665649414
0.23497247695922852
0.23394179344177246
0.2385711669921875
0.23444223403930664
0.2352313995361328
0.23418664932250977
0.23452091217041016
0.2346031665802002
0.23457074165344238
0.2352297306060791
0.2345716953277588
0.23520851135253906
0.2333540916442871
0.2354416847229004
0.23524808883666992
0.23413467407226562
0.2343297004699707
0.23377060890197754
0.23507475852966309
0.23465538024902344
0.23440837860107422
0.2348484992980957
0.23479270935058594
0.23706626892089844
0.23529267311096191
0.23455119132995605
0.23528671264648438
0.23469805717468262
0.25380802154541016
0.23573732376098633
0.23484015464782715
0.2349238395690918
0.23495960235595703
0.2354412078857422
0.2572164535522461
0.2357771396636963
0.23571062088012695
0.24222373962402344
0.23448944091796875
0.23578405380249023
0.23979663848876953
0.23490047454833984
0.23445367813110352
0.23438096046447754
0.23575663566589355
0.23441791534423828
0.2343122959136963
0.23476648330688477
0.2357954978942871
0.23436307907104492
0.2355499267578125
0.23427081108093262
0.23453593254089355
0.23612093925476074
0.23427391052246094
0.23450565338134766
0.23486733436584473
0.23469877243041992
0.24047279357910156
0.23535370826721191
0.25676846504211426
0.2347393035888672
0.23455262184143066
0.2356245517730713
0.2348790168762207
0.23517894744873047
0.23441362380981445
0.25695228576660156
0.25606441497802734
0.23533296585083008
0.23456788063049316
0.23439669609069824
0.23454928398132324
0.2389376163482666
0.23566317558288574
0.23483037948608398
0.23481273651123047
0.23469877243041992
0.2570922374725342
0.23558878898620605
0.23447227478027344
0.23497414588928223
0.23443841934204102
0.23412489891052246
0.23535656929016113
0.23451590538024902
0.23420119285583496
0.2343745231628418
0.23520469665527344
0.2350177764892578
0.234161376953125
0.23416399955749512
0.23388171195983887
0.23442459106445312
0.2343578338623047
0.23368048667907715
0.2344961166381836
0.2337965965270996
0.2341005802154541
0.23554182052612305
0.2560880184173584
0.23442411422729492
0.23591995239257812
0.23555994033813477
0.23573923110961914
0.2335224151611328
0.23430871963500977
0.23398590087890625
0.23439836502075195
0.25630760192871094
0.23471331596374512
0.23459267616271973
0.25540590286254883
0.26382875442504883
0.2350456714630127
0.23490571975708008
0.26426172256469727
0.2350907325744629
0.23379969596862793
0.23585963249206543
0.23436379432678223
0.2652771472930908
0.26705098152160645
0.23633742332458496
0.23409819602966309
0.23607850074768066
0.2542705535888672
0.2340409755706787
0.23462367057800293
0.23497700691223145
0.23524236679077148
0.23428630828857422
0.23447299003601074
0.23416495323181152
0.23505449295043945
0.23331785202026367
0.2350461483001709
0.23530244827270508
0.23319172859191895
0.23615574836730957
0.23439478874206543
0.2338578701019287
0.23450946807861328
0.23393630981445312
0.23539376258850098
0.23399138450622559
0.23386693000793457
0.23437047004699707
0.23378515243530273
0.2565114498138428
0.25620341300964355
0.2555575370788574
0.2564277648925781
0.25507187843322754
0.2583012580871582
0.2557337284088135
0.2562284469604492
0.25576114654541016
0.25522327423095703
0.2566826343536377
0.2553119659423828
0.2557942867279053
0.25614404678344727
0.25560927391052246
0.2570149898529053
0.2552509307861328
0.2558407783508301
0.2563331127166748
0.25532984733581543
0.2567148208618164
0.25547146797180176
0.2560851573944092
0.25534629821777344
0.25591349601745605
0.25633764266967773
0.2560288906097412
0.23525643348693848
0.23491954803466797
0.23390507698059082
0.23461627960205078
0.2335374355316162
0.2343766689300537
0.23535394668579102
0.23454737663269043
0.23586368560791016
0.2381608486175537
0.2338728904724121
0.23434185981750488
0.23492789268493652
0.23618340492248535
0.2349565029144287
0.23907876014709473
0.23405694961547852
0.2334599494934082
0.23404765129089355
0.23308658599853516
0.23285460472106934
0.2342522144317627
0.23116183280944824
0.23398256301879883
0.23260951042175293
0.23283863067626953
0.2325727939605713
0.23291969299316406
0.23551511764526367
0.2326521873474121
0.23270702362060547
0.23266267776489258
0.23258757591247559
0.23349857330322266
0.23290324211120605
0.2345438003540039
0.2323908805847168
0.23366546630859375
0.23348426818847656
0.23294925689697266
0.2328348159790039
0.23309803009033203
0.23826003074645996
0.23446941375732422
0.23398566246032715
0.23284196853637695
0.23301029205322266
0.23332715034484863
0.25481224060058594
0.26448822021484375
0.2631237506866455
0.24289560317993164
0.25599050521850586
0.25455212593078613
0.2634580135345459
0.25394225120544434
0.25394415855407715
0.263674259185791
0.25748467445373535
0.2559354305267334
0.25888752937316895
0.2555985450744629
0.2560763359069824
0.2635934352874756
0.25438690185546875
0.25499534606933594
0.25922632217407227
0.25488805770874023
0.2539396286010742
0.2604501247406006
0.2540278434753418
0.25343847274780273
0.26250386238098145
0.2587273120880127
0.2539212703704834
0.2535979747772217
0.2617201805114746
0.25386953353881836
0.2541160583496094

