0.4861564636230469
0.2023017406463623
0.20832300186157227
0.20963668823242188
0.21300172805786133
0.2122492790222168
0.2109513282775879
0.21215105056762695
0.2219390869140625
0.2073993682861328
0.21448373794555664
0.214036226272583
0.21009063720703125
0.21213269233703613
0.21204757690429688
0.21190333366394043
0.21210098266601562
0.21073389053344727
0.21324777603149414
0.21212148666381836
0.2120828628540039
0.21198463439941406
0.21253585815429688
0.21179771423339844
0.21169114112854004
0.210953950881958
0.21069812774658203
0.2116224765777588
0.21087336540222168
0.21063017845153809
0.21082091331481934
0.21150565147399902
0.21115756034851074
0.21161317825317383
0.21104001998901367
0.2109527587890625
0.21081948280334473
0.21164464950561523
0.21081066131591797
0.21068930625915527
0.2107548713684082
0.21076607704162598
0.21190476417541504
0.21086335182189941
0.21076512336730957
0.2108473777770996
0.21211957931518555
0.21407580375671387
0.21063733100891113
0.21075820922851562
0.2110271453857422
0.21126699447631836
0.2121291160583496
0.2110612392425537
0.21132636070251465
0.21210908889770508
0.21231627464294434
0.21233296394348145
0.2110307216644287
0.21120500564575195
0.2112560272216797
0.21208643913269043
0.21238470077514648
0.2112445831298828
0.21172094345092773
0.21108269691467285
0.21140623092651367
0.2121114730834961
0.21209239959716797
0.2110426425933838
0.21143841743469238
0.21107697486877441
0.2120962142944336
0.21109843254089355
0.2113044261932373
0.21109628677368164
0.21149897575378418
0.2146754264831543
0.2097148895263672
0.21147418022155762
0.2114408016204834
0.2113814353942871
0.21233797073364258
0.21161365509033203
0.21140170097351074
0.21141386032104492
0.21112680435180664
0.21209931373596191
0.21117329597473145
0.21133685111999512
0.21211910247802734
0.21076178550720215
0.21325325965881348
0.21123027801513672
0.21160221099853516
0.2110881805419922
0.21136903762817383
0.21198749542236328
0.2111372947692871
0.21115875244140625
0.21201586723327637
0.21195435523986816
0.2124476432800293
0.21120667457580566
0.21127843856811523
0.21212005615234375
0.21137142181396484
0.21269869804382324
0.21128606796264648
0.21142363548278809
0.21161317825317383
0.21121931076049805
0.21193313598632812
0.21150422096252441
0.21315670013427734
0.21148681640625
0.21138739585876465
0.2121424674987793
0.21103835105895996
0.21184611320495605
0.2129061222076416
0.21140742301940918
0.21207451820373535
0.2111496925354004
0.2111678123474121
0.211348295211792
0.21113300323486328
0.2129535675048828
0.21033501625061035
0.2123408317565918
0.2109692096710205
0.2110450267791748
0.21218538284301758
0.2108020782470703
0.21099162101745605
0.2116408348083496
0.21101689338684082
0.21199846267700195
0.21097779273986816
0.21129631996154785
0.2112109661102295
0.2112433910369873
0.21282958984375
0.21126699447631836
0.21149826049804688
0.21119236946105957
0.21141862869262695
0.21195173263549805
0.2109355926513672
0.21305084228515625
0.20908117294311523
0.21126294136047363
0.21189212799072266
0.2114853858947754
0.21114516258239746
0.2115616798400879
0.21155285835266113
0.2130589485168457
0.2111830711364746
0.21119213104248047
0.21138525009155273
0.21102452278137207
0.21191668510437012
0.21117615699768066
0.21115922927856445
0.21106243133544922
0.2119441032409668
0.21326947212219238
0.21167612075805664
0.2107243537902832
0.21088576316833496
0.2112569808959961
0.21211600303649902
0.21111631393432617
0.21108007431030273
0.2113955020904541
0.21139287948608398
0.2120225429534912
0.21114134788513184
0.21211814880371094
0.21024465560913086
0.21219635009765625
0.21207118034362793
0.21087121963500977
0.21115660667419434
0.21107769012451172
0.21224141120910645
0.21141266822814941
0.21126604080200195
0.2116072177886963
0.2114849090576172
0.2110605239868164
0.21187758445739746
0.2112870216369629
0.21188139915466309
0.2111048698425293
0.21101593971252441
0.212005615234375
0.2109987735748291
0.21120786666870117
0.21120357513427734
0.21173620223999023
0.21131658554077148
0.21209383010864258
0.21203970909118652
0.2115478515625
0.21082735061645508
0.21233773231506348
0.21139931678771973
0.2114734649658203
0.21077871322631836
0.21106886863708496
0.21223139762878418
0.2108321189880371
0.21085524559020996
0.21107172966003418
0.21233439445495605
0.21104741096496582
0.21210217475891113
0.21120405197143555
0.21131563186645508
0.21288084983825684
0.21097874641418457
0.21108412742614746
0.2111828327178955
0.21110200881958008
0.21083879470825195
0.21198439598083496
0.2114112377166748
0.21126699447631836
0.2111046314239502
0.2120978832244873
0.21144819259643555
0.21175599098205566
0.21096086502075195
0.21155524253845215
0.21083712577819824
0.21198010444641113
0.21108388900756836
0.21102619171142578
0.21115970611572266
0.2113037109375
0.21219086647033691
0.2112264633178711
0.21135354042053223
0.21129274368286133
0.21225523948669434
0.2119748592376709
0.21125388145446777
0.21156907081604004
0.21112561225891113
0.21082544326782227
0.2120962142944336
0.21117568016052246
0.21099376678466797
0.2112114429473877
0.21104741096496582
0.21206307411193848
0.2111968994140625
0.21130156517028809
0.21132636070251465
0.21167707443237305
0.21203136444091797
0.21139049530029297
0.21205615997314453
0.21136808395385742
0.21158361434936523
0.21238350868225098
0.21143651008605957
0.21116209030151367
0.2123711109161377
0.2121262550354004
0.21223163604736328
0.21078252792358398
0.2115931510925293
0.21124601364135742
0.2120974063873291
0.21239376068115234
0.21226906776428223
0.21190929412841797
0.21120381355285645
0.2111194133758545
0.21235275268554688
0.2123396396636963
0.21161222457885742
0.2125089168548584
0.21114897727966309
0.2122938632965088
0.21145319938659668
0.21140336990356445
0.21111249923706055
0.21344304084777832
0.21127700805664062
0.21293926239013672
0.2097306251525879
0.21103453636169434
0.21165227890014648
0.21195650100708008
0.21206235885620117
0.2112746238708496
0.21111750602722168
0.21102523803710938
0.21213579177856445
0.21082329750061035
0.21231341361999512
0.2126462459564209
0.21058320999145508
0.21321368217468262
0.2115926742553711
0.2110757827758789
0.21190953254699707
0.2111802101135254
0.21225190162658691
0.21118593215942383
0.21117711067199707
0.2114729881286621
0.21099543571472168
0.21211528778076172
0.21137595176696777
0.21117591857910156
0.2121748924255371
0.21068215370178223
0.2133636474609375
0.2111201286315918
0.21140241622924805
0.2113499641418457
0.21123576164245605
0.21226978302001953
0.21116280555725098
0.21136188507080078
0.21190929412841797
0.2117609977722168
0.21246004104614258
0.21123480796813965
0.21137619018554688
0.2122361660003662
0.21133732795715332
0.2121422290802002
0.2114119529724121
0.21235108375549316
0.21133136749267578
0.2114102840423584
0.21213793754577637
0.21139240264892578
0.2128438949584961
0.21253228187561035
0.21149730682373047
0.21231698989868164
0.21102094650268555
0.21198129653930664
0.21288704872131348
0.21219444274902344
0.21293330192565918
0.21106314659118652
0.2113666534423828
0.2114274501800537
0.2121284008026123
0.21340155601501465
0.21227765083312988
0.21214723587036133
0.21156072616577148
0.21146345138549805
0.2122805118560791
0.21194076538085938
0.21174216270446777
0.21324396133422852
0.21002531051635742
0.2128753662109375
0.21145391464233398
0.21149992942810059
0.2113354206085205
0.21166586875915527
0.2141859531402588
0.2114856243133545
0.211470365524292
0.2115306854248047
0.21130824089050293
0.21239042282104492
0.21154093742370605
0.21339201927185059
0.21123170852661133
0.21254467964172363
0.21218347549438477
0.21145105361938477
0.21148276329040527
0.21168756484985352
0.2122325897216797
0.21285343170166016
0.21251797676086426
0.2114088535308838
0.2114419937133789
0.21142125129699707
0.21246695518493652
0.21228575706481934
0.21221423149108887
0.21141695976257324
0.21260952949523926
0.21225190162658691
0.21133995056152344
0.21185040473937988
0.21198797225952148
0.21180486679077148
0.21354985237121582
0.21159815788269043
0.21149420738220215
0.2113180160522461
0.21140813827514648
0.21203899383544922
0.2097182273864746
0.21055865287780762
0.20873308181762695
0.21075701713562012
0.20995354652404785
0.2089076042175293
0.2090306282043457
0.2088463306427002
0.20995807647705078
0.20841717720031738
0.20959782600402832
0.20972514152526855
0.2095797061920166
0.20975184440612793
0.21030640602111816

