2.014343351972103
4.758565136790323
4.643332860989089
4.657429471818709
4.5747542911117245
4.594760337187584
4.628626543039576
4.677499001893614
4.461740739952769
4.772860618446896
4.609753416949123
4.53982067168024
4.70189205489403
4.65558907691932
4.652939603807724
4.657103678001388
4.606538526168273
4.684436601628377
4.627778783050802
4.645348785695933
4.648551118164831
4.643209493867068
4.628457987704687
4.644201756785037
4.635609377089548
4.652222234546403
4.65440083094009
4.635199545575606
4.651288437717286
4.6598407281001135
4.652000359355954
4.63949099822575
4.648860258339965
4.6379827011581956
4.652655726212054
4.652366722792726
4.65106149402026
4.636526637645337
4.650767531701432
4.656390193646941
4.656447057569675
4.658381257649565
4.631463177898678
4.656643507262016
4.655537401434965
4.657062310619309
4.62583419450256
4.584349635705058
4.658329520162419
4.657698415342417
4.65072111999521
4.646784655864838
4.6261760378361565
4.656069713873394
4.647330416312565
4.631176801186308
4.6285090637825
4.621343904873765
4.654597108011231
4.648314138539423
4.647788748157752
4.632823951090468
4.622474574926271
4.653507462934959
4.636521512276385
4.654700418382181
4.645822164525947
4.62676290165477
4.631989998983996
4.651180120917482
4.64490636662643
4.652944765539199
4.630599041709908
4.655139538626312
4.647742395884929
4.657915661633728
4.644093769791883
4.572450204349945
4.688201320962029
4.646105208821422
4.649076680928418
4.644098911915779
4.624742674989277
4.640851358573279
4.648226565227269
4.6468927680355945
4.651541196537215
4.632322520578325
4.651830097399644
4.64923128082913
4.633059353870931
4.662601729951098
4.611233267075938
4.652242875174974
4.642156000110678
4.649679678692065
4.6498446283996895
4.630343441926189
4.652232554837794
4.6679049703908895
4.6458787706260845
4.641570361615646
4.623254142605038
4.653063488524052
4.647211985702604
4.635214912949591
4.648849953005019
4.618229784872595
4.654018654671102
4.648350199097661
4.644402317382138
4.648638703706783
4.63889577066006
4.666274315657142
4.611775778826733
4.65102023390918
4.644525747898267
4.629643243076183
4.667120659803358
4.648612942910659
4.620799139804848
4.642752064679453
4.634303291730014
4.647572445460912
4.654018654671102
4.6447623413929735
4.650231275139808
4.613464973645539
4.666741584285102
4.624910959825514
4.649473508014052
4.652774434447116
4.624033973272066
4.657998427456433
4.653264815258585
4.633571181585485
4.6528983103682
4.62796771470658
4.655966342711565
4.649571436806329
4.6499013325646885
4.649829163867437
4.61072129363461
4.649731224218533
4.64171418895963
4.649391044862153
4.644083485578254
4.626461796401902
4.653528114969539
4.604611743214344
4.697500223994266
4.6465632990202375
4.638162208905643
4.645559736083991
4.655232539426207
4.646712583879048
4.64118001803666
4.610569244213847
4.6490457621820775
4.6519281254887
4.644464031820135
4.6528157256879155
4.634272569172056
4.64591479340802
4.652464773499955
4.6480565793935575
4.634810272753291
4.604879676869348
4.634887097736651
4.657781173444798
4.653899882939712
4.648262624426767
4.63247600818632
4.65561491509169
4.655201538746694
4.643564192013073
4.6452973372879365
4.62969434531661
4.650483919073696
4.630425230786894
4.671518278190247
4.623845362654516
4.626655724106284
4.655521899013354
4.649246741384719
4.656927871702831
4.6332896623489095
4.64473662354115
4.654313028135802
4.638818812729837
4.643451093966054
4.649870402848698
4.634472273080353
4.650911929600454
4.631038739353468
4.648102937933373
4.650200341034323
4.629592141963869
4.652934442087701
4.647201687673952
4.650994446711495
4.632926297186094
4.6478557030729695
4.626854772077179
4.629096519710311
4.644664615071143
4.657243298341768
4.628488633216103
4.642608173010403
4.6424283209662285
4.65520670549794
4.654405995914096
4.624395944850853
4.651969401709591
4.658955620943565
4.64959205391983
4.624752873721642
4.650932558603713
4.629980538712288
4.653770790107293
4.649267355618788
4.617314665791855
4.652051956348859
4.654901886796641
4.647227432831158
4.647804199120816
4.657682898525618
4.637090497417392
4.645976548048145
4.648700530782386
4.651773346183749
4.628248587570622
4.644083485578254
4.634328894172815
4.659085001588462
4.639229284533152
4.660223861194504
4.629311106009501
4.6484789913731195
4.654390501026466
4.650210652357089
4.651386442978623
4.6316370667541245
4.6499528830057315
4.647634244177027
4.6446080385538755
4.62771240532027
4.633166828311303
4.650581890434289
4.644376603517024
4.646269905009832
4.6603377777777775
4.625844398049654
4.6488344950882645
4.651169805294897
4.651329702587101
4.652511220014332
4.631504091748813
4.6518249381409795
4.6475363969687935
4.645708956463757
4.639665490425991
4.633218008368792
4.664629236675519
4.638469968802633
4.656596978205286
4.649509586562849
4.627206975830829
4.641935084022453
4.652629920875527
4.624987456981582
4.628575464368953
4.625018056552571
4.663591928590172
4.6480565793935575
4.649159132929268
4.634559328888427
4.6435076423009045
4.637454516104422
4.638454579837788
4.647124453913817
4.6533061152036925
4.643029595231111
4.63391928903109
4.653393880021257
4.623208278404106
4.65628163910549
4.629832327000982
4.647217134734046
4.6499528830057315
4.653667520997681
4.607697394873237
4.650628299361666
4.614789802427815
4.679268016497854
4.657579455722333
4.640353322800915
4.629704565900072
4.632921179773915
4.647850552626388
4.651995199719614
4.654901886796641
4.6268394600867495
4.684049477130898
4.6378134637223
4.627962608242782
4.663254902789189
4.612064832530624
4.643111832877801
4.657657037394033
4.640414929679686
4.651979720879265
4.628269016017903
4.647340714911741
4.653806935378463
4.640954059655284
4.654922551209871
4.634246967351588
4.645765559805189
4.655459890359324
4.6300776480822
4.665282977734176
4.602388591643879
4.656586638541175
4.647474600854745
4.644860071827322
4.652186113887111
4.627783889108946
4.652573150142762
4.664323182808422
4.645636917842206
4.6481647507582915
4.622189308683444
4.651814619657983
4.646702288063582
4.635450558777762
4.650086919501898
4.632890475538256
4.67153388732774
4.623615992098313
4.652103554486337
4.646681696569527
4.633371555325782
4.66327564143188
4.6204326411999475
4.629127173677913
4.644592608833831
4.630517246708972
4.672049047389902
4.643672154379283
4.638049373842368
4.6398605266534805
4.621155513639353
4.6560025220960926
4.652500898486549
4.664914577301953
4.635558144187018
4.625533210112355
4.63323848070839
4.640851358573279
4.646774359729988
4.646758915613264
4.647762996780932
4.6419093974698225
4.66196946709126
4.610655404320995
4.6884843119304
4.619348756478624
4.651154331946811
4.646094915697323
4.654204570421644
4.672553910390165
4.59048588423927
4.651149174186995
4.64953020312784
4.647129602751291
4.65288798712284
4.634579813083286
4.675517625000278
4.620335935985336
4.658526128727717
4.623401933442829
4.635071488088266
4.665324491289579
4.6518558938646315
4.667047955616186
4.637326333991549
4.642340969286843
4.627355019499898
4.654214899509978
4.6516804835445145
4.65551156412297
4.6458787706260845
4.629965206026245
4.653063488524052
4.6512626475454555
4.627217185434921
4.631539891960654
4.654467976496307
4.6585157804947395
4.645564881454752
4.668476488455986
4.604359004195657
4.649854938145004
4.644052633210652
4.6526712095513725
4.645534009401152
4.600551060879942
4.655971511160645
4.633294780575154
4.677895478808238
4.622953493857451
4.627860481333221
4.660534555903472
4.652454452178254
4.663057894883126
4.617436660714561
4.687473038366544
4.652160313759591
4.656855484731973
4.656627997473124
4.648406866819608
4.632890475538256

