1.987012
0.065793
0.078773
0.064460
0.056165
0.056790
0.061004
0.060180
0.053289
0.053254
0.053993
0.053737
0.057397
0.056736
0.057396
0.060368
0.062918
0.054650
0.060803
0.053610
0.057094
0.059513
0.057452
0.052135
0.057136
0.056705
0.054205
0.055202
0.058556
0.057173
0.057230
0.062126
0.062095
0.059228
0.058997
0.060245
0.051691
0.055669
0.054493
0.055806
0.055661
0.063775
0.060377
0.056378
0.053542
0.060227
0.058826
0.058317
0.054972
0.056428
0.051781
0.054510
0.053739
0.060291
0.067072
0.053950
0.056958
0.056244
0.055777
0.059987
0.056060
0.052555
0.050806
0.056049
0.051821
0.053646
0.053583
0.054220
0.062957
0.066739
0.056412
0.050406
0.055127
0.050445
0.057260
0.050385
0.056521
0.054322
0.057809
0.056128
0.055469
0.053123
0.055666
0.052458
0.060580
0.058143
0.052379
0.053463
0.053187
0.051716
0.054621
0.059539
0.055802
0.056103
0.055546
0.053573
0.053471
0.053470
0.057239
0.054302
0.054034
0.064599
0.055312
0.057211
0.053655
0.053013
0.054902
0.055381
0.057177
0.053118
0.058721
0.051354
0.053130
0.054208
0.055967
0.057360
0.054652
0.052844
0.055300
0.051942
0.057219
0.055117
0.054379
0.056351
0.061442
0.054002
0.058512
0.054795
0.053607
0.051684
0.054256
0.054463
0.058667
0.056280
0.054582
0.056593
0.052559
0.059459
0.055060
0.052816
0.054248
0.053721
0.053555
0.054316
0.053590
0.057247
0.052184
0.052618
0.055494
0.056524
0.052879
0.052398
0.050903
0.054128
0.055345
0.057851
0.053422
0.057795
0.058724
0.058585
0.055949
0.055271
0.055016
0.052292
0.059387
0.053748
0.055589
0.057018
0.056605
0.057932
0.054820
0.054300
0.056786
0.064635
0.058195
0.057434
0.063096
0.057566
0.055224
0.056205
0.054776
0.054580
0.054662
0.053000
0.053285
0.052716
0.056274
0.057215
0.051839
0.051695
0.054112
0.052568
0.057531
0.053394
0.053209
0.056153
0.056197
0.055627
0.054863
0.056919
0.054732
0.055818
0.058358
0.061972
0.062112
0.058081
0.060633
0.052457
0.054829
0.052422
0.056359
0.053954
0.056481
0.053530
0.055407
0.056580
0.059417
0.054224
0.059774
0.054881
0.057533
0.053729
0.062090
0.054150
0.065002
0.057597
0.060492
0.058256
0.053406
0.059711
0.058099
0.063226
0.061444
0.052215
0.055222
0.063990
0.057680
0.059905
0.060300
0.052564
0.053718
0.052098
0.053733
0.053475
0.056568
0.062293
0.053025
0.061874
0.054466
0.056301
0.059601
0.055703
0.056678
0.049984
0.055454
0.051716
0.053428
0.054643
0.053208
0.053899
0.050466
0.056682
0.059874
0.052942
0.051090
0.054083
0.059481
0.066156
0.059710
0.056331
0.053508
0.053661
0.057004
0.053700
0.055082
0.053365
0.059957
0.056613
0.053261
0.052120
0.057366
0.055987
0.053153
0.060132
0.056321
0.053146
0.053325
0.056333
0.053673
0.053850
0.057334
0.052833
0.052644
0.060328
0.054565
0.051315
0.062462
0.060097
0.060186
0.057680
0.053950
0.055688
0.055936
0.055890
0.054590
0.053749
0.054652
0.053428
0.058875
0.057389
0.057821
0.056783
0.056344
0.056960
0.056642
0.056270
0.054489
0.054977
0.054832
0.054577
0.054492
0.056741
0.052398
0.057905
0.057676
0.054756
0.057720
0.056378
0.056191
0.057372
0.057140
0.056885
0.055036
0.057504
0.067278
0.062074
0.061367
0.056063
0.054076
0.054704
0.060198
0.053608
0.053661
0.057884
0.054700
0.054667
0.056128
0.056370
0.059784
0.053073
0.056271
0.052413
0.067326
0.055560
0.054406
0.055026
0.055883
0.054608
0.055605
0.054577
0.054246
0.057748
0.054248
0.057811
0.057576
0.057411
0.057266
0.056313
0.056887
0.057574
0.053736
0.056118
0.053734
0.055519
0.054437
0.057658
0.056811
0.056659
0.060017
0.052693
0.059444
0.055660
0.056449
0.057523
0.057119
0.055975
0.057599
0.053835
0.053866
0.054815
0.068323
0.053614
0.055076
0.057934
0.054149
0.055888
0.053961
0.053681
0.054590
0.053647
0.055924
0.056663
0.055713
0.056969
0.051986
0.063276
0.048917
0.050257
0.052131
0.058720
0.053013
0.057589
0.056950
0.054834
0.052952
0.055768
0.054766
0.056941
0.056599
0.056372
0.059276
0.058089
0.057688
0.059366
0.057206
0.059739
0.060558
0.053211
0.055507
0.057884
0.055697
0.056406
0.061547
0.057310
0.054197
0.052489
0.056293
0.058260
0.052915
0.057765
0.055251
0.058008
0.057495
0.055582
0.055302
0.055022
0.061426
0.063996
0.049645
0.050470
0.054935
0.052177
0.053463
0.053470
0.057667
0.054103
0.053024
0.053583
0.066572
0.054953
0.057738
0.058821
0.057321
0.054241
0.055439
0.054117
0.055139
0.054401
0.053629
0.056592
0.055002
0.057811
0.053466
0.059179
0.055417
0.056817
0.053981
0.059453
0.055642
0.054426
0.055237
0.055342
0.056173
0.057049
0.059356
0.056996
0.053355
0.052853
0.058991
0.057954
0.055336
0.056353
0.056023
0.056287
0.056745
0.053881
0.056515
0.054235
0.057695
0.053939
0.051633
0.053521
0.060741
0.056048
0.054188
0.056491
0.059709
0.054160
0.055119
0.052874
0.055523
0.057576
0.052300
0.055600
0.054029
0.053106
0.055401
0.055668
0.056261
0.056934
0.054306
0.056317
0.055251
0.058483
0.056385
0.054122
0.054138
0.057368
0.053778
0.056732
0.054473
0.057596
0.056705
0.056894
0.058025
0.058062
0.055758
0.056553
0.055083
0.055918
0.054385
0.055495
0.055937
0.053486
0.054346
0.054301
0.057868
0.057935
0.056272
0.056287
0.056804
0.055729
0.058674
0.055010
0.056840
0.056408
0.058718
0.055932
0.054919
0.057885
0.057357
0.059592
0.057218
0.055719
0.052564
0.063394
0.052761
0.055249
0.051856
0.056242
0.058112
0.054793
0.056915
0.056305
0.058202
0.059045
0.056334
0.057978
0.055361
0.053626
0.058845
0.055150
0.055045
0.055459
0.054428
0.054191
0.057794
0.059862
0.054427
0.058784
0.057030
0.056649
0.055027
0.054308
0.055533
0.053151
0.055158
0.053937
0.052857
0.053349
0.053067
0.056753
0.053536
0.053513
0.057783
0.059810
0.053793
0.052832
0.052608
0.053825
0.056016
0.056314
0.056075
0.056288
0.054812
0.057119
0.059012
0.061311
0.055751
0.057569
0.060388
0.059550
0.055968
0.054044
0.054841
0.054282
0.057184
0.057665
0.057895
0.056375
0.056837
0.058763
0.058872
0.055937
0.058575
0.061857
0.063515
0.055796
0.058058
0.054773
0.054760
0.056255
0.055979
0.056814
0.054792
0.056260
0.058339
0.058897
0.056313
0.056709
0.059296
0.058145
0.056067
0.055661
0.054661
0.055575
0.054598
0.056781
0.054164
0.053897
0.056341
0.055361
0.057677
0.058004
0.060166
0.056490
0.055072
0.058392
0.052315
0.054718
0.057957
0.060988
0.053249
0.054878
0.055354
0.059977
0.053660
0.055836
0.058698
0.054573
0.058787
0.061215
0.055149
0.054853
0.056859
0.053400
0.056666
0.057196
0.056238
0.056441
0.058671
0.061778
0.058286
0.056441
0.056286
0.059768
0.053964
0.053275
0.053592
0.057990
0.054893
0.056709
0.058223
0.054703
0.063818
0.059885
0.057352
0.065856
0.055432
0.053969
0.056899
0.053077
0.054243
0.055723
0.057736
0.056376
0.058496
0.055714
0.055702
0.057218
0.058444
0.054477
0.053702
0.057473
0.060988
0.057430
0.056688
0.058373
0.055482
0.054678
0.056581
0.056325
0.056555
0.059785
0.053462
0.056221
0.052950
0.057180
0.060545
0.055900
0.053814
0.057178
0.055444
0.054926
0.057094
0.055459
0.056885
0.057418
0.058086
0.058037
0.056979
0.055469
0.056266
0.053062
0.055989
0.057445
0.057163
0.057465
0.056711
0.057222
0.053848
0.054709
0.054299
0.058024
0.055607
0.057359
0.059638
0.058464
0.056328
0.057329
0.057562
0.055382
0.055621
0.052999
0.054402
0.056828
0.060747
0.054851
0.055441
0.056032
0.059799
0.057433
0.059065
0.054565
0.054504
0.056937
0.058189
0.057844
0.057669
0.053172
0.052592
0.060126
0.055401
0.057876
0.056364
0.056090
0.057160
0.058213
0.056664
0.058133
0.057890
0.057420
0.059710
0.056116
0.056917
0.054315
0.060728
0.056164
0.056391
0.053414
0.053678
0.056014
0.054544
0.055127
0.058125
0.058127
0.059000
0.053692
0.058092
0.056985
0.054053
0.057153
0.057413
0.053498
0.056685
0.055621
0.054424
0.057652
0.058641
0.057470
0.057319
0.054712
0.058024
0.056648
0.055599
0.062279
0.060250
0.057670
0.057275
0.055171
0.055155
0.054429
0.053850
0.054014
0.054453
0.055741
0.057532
0.053984
0.056908
0.059981
0.058435
0.056415
0.058004
0.056412
0.056660
0.057608
0.055175
0.056517
0.057530
0.054332
0.065380
0.053450
0.059806
0.061706
0.053995
0.057512
0.055343
0.053598
0.059236
0.052908
0.056527
0.055021
0.058520
0.060339
0.055063
0.055489
0.059503
0.053528
0.056435
0.056584
0.061469
0.054916
0.055692
0.054021
0.054817
0.057711
0.058349
0.058644
0.062214
0.058209
0.053084
0.055660
0.057208
0.055638
0.059851
0.057248
0.055022
0.054829
0.055177
0.054312
0.056464
0.060055
0.058714
0.056377
0.058485
0.063051
0.060196
0.052042
0.052780
0.053261
0.053201
0.052778
0.057986
0.053060
0.056316
0.054822
0.060550
0.062195
0.056096
0.054751
0.052671
0.055199
0.053364
0.053804
0.054949
0.059364
0.053939
0.055531
0.059518
0.057766
0.059227
0.057270
0.060554
0.058271
0.056309
0.057662
0.059759
0.056372
0.054134
0.056231
0.054486
0.055440
0.056404
