0.089164
0.071415
0.058279
0.062286
0.05943
0.05967
0.055918
0.056384
0.056848
0.06054
0.053216
0.055167
0.054137
0.05537
0.059228
0.053565
0.057383
0.058034
0.052447
0.062877
0.051253
0.053466
0.055558
0.051825
0.052212
0.052495
0.051421
0.053592
0.061896
0.05614
0.056768
0.051314
0.054563
0.053354
0.054344
0.055255
0.057403
0.053757
0.057159
0.056446
0.053951
0.054687
0.054353
0.054663
0.056938
0.054527
0.056371
0.056988
0.056081
0.053441
0.059606
0.054559
0.058241
0.054283
0.05135
0.051738
0.053075
0.055842
0.052639
0.054244
0.052366
0.055075
0.058048
0.058809
0.057987
0.057644
0.057665
0.056747
0.056641
0.053385
0.064392
0.056456
0.054114
0.05585
0.057231
0.055658
0.052403
0.056358
0.059503
0.057009
0.058612
0.06304
0.063122
0.064209
0.055146
0.053589
0.060042
0.057391
0.056108
0.055579
0.058665
0.058769
0.054989
0.059457
0.055546
0.053559
0.056235
0.054549
0.053483
0.05681
0.066212
0.059508
0.056273
0.055405
0.055283
0.055504
0.057895
0.053914
0.057793
0.055607
0.057869
0.054325
0.0587
0.05465
0.05894
0.061668
0.054824
0.059197
0.057789
0.053489
0.053905
0.055844
0.054109
0.055165
0.055106
0.058211
0.059657
0.053855
0.05702
0.059355
0.05686
0.051588
0.056432
0.05531
0.052934
0.058309
0.05398
0.054792
0.06346
0.051798
0.055383
0.062603
0.061834
0.058028
0.05871
0.059154
0.057588
0.059107
0.054236
0.055838
0.054576
0.057218
0.055912
0.054754
0.059831
0.054431
0.056417
0.058997
0.060802
0.057225
0.055157
0.059554
0.055735
0.060054
0.055762
0.057402
0.055989
0.060244
0.055735
0.054024
0.057783
0.055024
0.057463
0.054653
0.056325
0.054066
0.051971
0.060659
0.055791
0.05685
0.052856
0.053093
0.055843
0.054211
0.052923
0.055582
0.055641
0.05408
0.054316
0.052877
0.053486
0.053942
0.053746
0.057551
0.053398
0.054397
0.057648
0.05626
0.052154
0.055268
0.057136
0.053609
0.054775
0.057708
0.056384
0.057548
0.054301
0.053
0.055872
0.055563
0.061934
0.053131
0.053708
0.052463
0.056677
0.05481
0.05731
0.05517
0.058608
0.053042
0.055183
0.057241
0.056239
0.055049
0.054901
0.056404
0.054811
0.053004
0.05685
0.058754
0.056885
0.05491
0.053024
0.056522
0.05808
0.054789
0.057437
0.055815
0.057151
0.05442
0.058232
0.055142
0.056293
0.054698
0.055046
0.05608
0.058916
0.057816
0.063777
0.057805
0.055873
0.058663
0.058507
0.059428
0.057095
0.054522
0.056588
0.055395
0.054102
0.05487
0.055545
0.058376
0.053907
0.056371
0.058719
0.053866
0.062649
0.055433
0.054652
0.055545
0.054995
0.056979
0.055378
0.055785
0.053651
0.058773
0.053699
0.060447
0.052728
0.053175
0.05584
0.054832
0.054873
0.055499
0.054921
0.05506
0.05339
0.053587
0.056019
0.053614
0.055707
0.057804
0.055561
0.054955
0.055196
0.057124
0.057212
0.054115
0.057718
0.05419
0.053413
0.05982
0.062524
0.052745
0.053054
0.055521
0.056371
0.058288
0.05334
0.059202
0.056223
0.056581
0.061014
0.060774
0.05478
0.059817
0.057755
0.053837
0.056478
0.063141
0.056072
0.060118
0.058646
0.058682
0.055918
0.051354
0.056655
0.056349
0.058975
0.056855
0.058912
0.054693
0.059113
0.057705
0.05927
0.059344
0.058498
0.055245
0.053526
0.058974
0.050753
0.053326
0.052637
0.054494
0.057432
0.05612
0.052097
0.064318
0.058192
0.053011
0.052608
0.052088
0.058271
0.058289
0.055528
0.053181
0.056953
0.058311
0.058088
0.0531
0.056205
0.059632
0.055555
0.059311
0.053367
0.056159
0.055622
0.069372
0.05827
0.053794
0.054531
0.056872
0.053661
0.054434
0.059856
0.055624
0.052936
0.061726
0.05633
0.052412
0.059555
0.055707
0.053028
0.054113
0.055092
0.056318
0.059476
0.054493
0.058465
0.055144
0.060023
0.05696
0.056779
0.05608
0.066353
0.054556
0.058787
0.060782
0.059006
0.058119
0.056314
0.063176
0.056467
0.057518
0.056978
0.056101
0.059612
0.05688
0.056856
0.056031
0.063739
0.055083
0.055158
0.058091
0.062429
0.062928
0.058587
0.057611
0.054959
0.058778
0.056558
0.056688
0.054341
0.056249
0.053679
0.054223
0.057141
0.061357
0.054784
0.058524
0.054983
0.070066
0.059016
0.05201
0.059122
0.060294
0.057904
0.059533
0.056846
0.062447
0.054129
0.056454
0.053086
0.057153
0.055077
0.05753
0.060726
0.062914
0.057031
0.062182
0.056893
0.060218
0.057143
0.058131
0.053006
0.061269
0.052024
0.055567
0.056107
0.053142
0.063669
0.055681
0.053522
0.05888
0.059655
0.053778
0.051765
0.061082
0.057843
0.05359
0.062878
0.05267
0.058599
0.056693
0.052965
0.058073
0.062401
0.057238
0.05777
0.051851
0.053763
0.052725
0.060781
0.057538
0.05631
0.061898
0.054185
0.054875
0.058297
0.058588
0.053368
0.053264
0.058461
0.060219
0.05504
0.058001
0.05536
0.058904
0.054832
0.057504
0.060421
0.056055
0.055474
0.05974
0.053879
0.05356
0.054911
0.054109
0.055786
0.056243
0.060493
0.056699
0.052717
0.056443
0.056502
0.051362
0.052704
0.052053
0.053607
0.056713
0.057094
0.054446
0.053243
0.057506
0.052412
0.05367
0.066903
0.059739
0.05822
0.055892
0.067331
0.061295
0.054232
0.055481
0.053503
0.05638
0.057552
0.058188
0.053931
0.055953
0.054617
0.054659
0.054162
0.055516
0.052313
0.05941
0.056753
0.053364
0.055789
0.055898
0.051666
0.053153
0.058848
0.053903
0.051936
0.053925
0.055268
0.054566
0.05737
0.054157
0.053791
0.059665
0.057344
0.05672
0.05094
0.064587
0.053889
0.057986
0.053513
0.061097
0.053069
0.055319
0.059552
0.056349
0.055512
0.058236
0.056325
0.058664
0.057003
0.05883
0.0564
0.056622
0.061522
0.053512
0.055783
0.056292
0.049759
0.053318
0.053939
0.055679
0.051895
0.054503
0.053299
0.05368
0.053124
0.060739
0.059929
0.051892
0.055242
0.05551
0.052046
0.063664
0.051529
0.055456
0.056016
0.052726
0.053088
0.053829
0.054388
0.056448
0.053982
0.055519
0.058114
0.05478
0.059481
0.065046
0.056011
0.055883
0.054457
0.056834
0.056612
0.056979
0.056554
0.054799
0.056711
0.056696
0.061784
0.064535
0.055472
0.058295
0.05264
0.053128
0.058379
0.052967
0.056745
0.056355
0.053921
0.056248
0.05979
0.054138
0.059249
0.062061
0.060299
0.057372
0.053795
0.054896
0.056665
0.053519
0.05239
0.054892
0.058465
0.055492
0.056651
0.054704
0.055083
0.054345
0.055765
0.056126
0.055107
0.054043
0.053911
0.057254
0.053724
0.060224
0.053834
0.054535
0.055395
0.059577
0.057815
0.05518
0.058175
0.059383
0.057845
0.060195
0.055794
0.053908
0.052651
0.054834
0.055442
0.05396
0.059194
0.05503
0.06103
0.059608
0.058353
0.053151
0.054
0.058064
0.053307
0.058282
0.058571
0.056288
0.055308
0.06215
0.058512
0.055419
0.05608
0.050655
0.05244
0.053291
0.058117
0.061517
0.057978
0.051279
0.050794
0.055933
0.057235
0.052864
0.05582
0.055501
0.057102
0.061522
0.05326
0.05718
0.055493
0.059989
0.057531
0.057979
0.057136
0.060289
0.056683
0.053552
0.05464
0.053988
0.052914
0.057068
0.056235
0.054655
0.057811
0.053072
0.055027
0.056843
0.057777
0.05475
0.055985
0.060238
0.05802
0.05849
0.05865
0.054599
0.056063
0.059873
0.054254
0.054201
0.051315
0.057384
0.054846
0.053802
0.053692
0.055694
0.060841
0.056628
0.05503
0.053879
0.054854
0.057374
0.058665
0.055752
0.05462
0.0581
0.059509
0.053688
0.060948
0.06147
0.057106
0.057559
0.054638
0.056787
0.051439
0.055431
0.057073
0.056627
0.05301
0.054239
0.055239
0.054952
0.056807
0.05544
0.052376
0.062101
0.054791
0.059513
0.054177
0.054609
0.051041
0.050514
0.054821
0.059847
0.056684
0.056991
0.052301
0.052501
0.057409
0.050879
0.05294
0.058618
0.05319
0.054003
0.055526
0.054257
0.058117
0.056327
0.057975
0.055718
0.056709
0.055897
0.053109
0.056672
0.052573
0.058351
0.04932
0.056013
0.050003
0.061119
0.061154
0.053033
0.052423
0.056531
0.056333
0.058997
0.054599
0.05838
0.054031
0.056745
0.053534
0.055923
0.055627
0.056162
0.05609
0.058879
0.063331
0.061442
0.059675
0.058102
0.064049
0.061032
0.065107
0.053303
0.056675
0.057728
0.057077
0.056497
0.054728
0.057709
0.054017
0.053227
0.055062
0.061293
0.052533
0.051797
0.053717
0.054246
0.054437
0.054563
0.058841
0.059171
0.059699
0.056124
0.055058
0.054902
0.054958
0.056316
0.056481
0.058368
0.05349
0.063439
0.055731
0.059544
0.062467
0.054127
0.053073
0.05555
0.056668
0.056822
0.054213
0.056
0.05606
0.054884
0.056386
0.056059
0.057894
0.066862
0.057077
0.055068
0.05864
0.052282
0.057569
0.057065
0.057913
0.05544
0.054749
0.053963
0.054672
0.056009
0.052882
0.057432
0.066334
0.052896
0.052552
0.057105
0.057715
0.059318
0.05334
0.061734
0.060147
0.060958
0.055679
0.057477
0.060257
0.05523
0.056815
0.053256
0.059445
0.057073
0.062244
0.05176
0.05669
0.056957
0.066613
0.058406
0.050902
0.056425
0.059472
0.056592
0.055066
0.055284
0.054658
0.053191
0.054401
0.053878
0.054615
0.054399
0.057643
0.053646
0.053345
0.060782
0.057665
0.058333
0.05285
0.055917
0.057706
0.052607
0.054267
0.057864
0.055572
0.055771
0.052793
0.058158
0.054238
0.053927
0.056559
0.056227
0.055662
0.061224
0.056021
0.054856
0.064489
0.058394
0.054573
0.053592
0.056872
0.060179
0.055927
0.056164
0.054901
0.054114
0.053997
0.05371
0.05904
0.058328
0.055243
0.058439
0.056768
0.056728
0.057807
0.059465
0.054465
0.056415
0.060377
0.057741
0.058569
0.054609
0.056516
0.056788
