0.07468
0.069927
0.058201
0.059437
0.053726
0.058358
0.058299
0.055338
0.053497
0.056011
0.054108
0.054389
0.056703
0.056986
0.057896
0.055999
0.061508
0.055979
0.056719
0.055385
0.057738
0.054705
0.055267
0.053925
0.052738
0.055138
0.055571
0.059733
0.062913
0.05756
0.058142
0.05683
0.056577
0.057403
0.055358
0.059203
0.055891
0.055936
0.057945
0.055089
0.05626
0.05783
0.05769
0.055183
0.056477
0.05717
0.055887
0.056141
0.055705
0.058091
0.057768
0.064625
0.06062
0.055387
0.055812
0.052916
0.057189
0.055614
0.054073
0.052967
0.051046
0.05406
0.054604
0.055637
0.054493
0.055603
0.057552
0.055105
0.054769
0.057215
0.052983
0.055035
0.061052
0.055641
0.051979
0.053272
0.052282
0.05411
0.053994
0.056524
0.053323
0.053312
0.055821
0.057723
0.055814
0.059516
0.057735
0.063563
0.056912
0.056725
0.060808
0.057208
0.057425
0.055942
0.056947
0.057313
0.054173
0.05709
0.054691
0.05745
0.054875
0.063913
0.057812
0.057859
0.054728
0.056036
0.054855
0.055479
0.05444
0.055761
0.057327
0.055614
0.055558
0.058562
0.055908
0.058194
0.056258
0.057352
0.057918
0.058108
0.057866
0.054147
0.053979
0.053914
0.054833
0.055285
0.053507
0.058526
0.054458
0.05504
0.056869
0.057083
0.05552
0.056493
0.056288
0.055439
0.056409
0.056611
0.057202
0.055474
0.057241
0.058579
0.055452
0.054806
0.05521
0.054084
0.05504
0.057056
0.056137
0.055813
0.056079
0.051617
0.056378
0.056324
0.056466
0.05496
0.054692
0.055528
0.055636
0.055244
0.055012
0.056717
0.054753
0.056194
0.058026
0.056711
0.057525
0.056774
0.05877
0.055208
0.05633
0.057981
0.053039
0.055964
0.056952
0.055684
0.056209
0.055886
0.056845
0.05471
0.056095
0.056429
0.056981
0.061066
0.059239
0.056008
0.055205
0.058227
0.055704
0.059578
0.055233
0.068091
0.059356
0.058694
0.055631
0.059613
0.057839
0.055776
0.056622
0.055769
0.056072
0.054903
0.05524
0.055438
0.058371
0.055319
0.058615
0.055545
0.059837
0.057555
0.061402
0.056994
0.055984
0.057239
0.055935
0.055251
0.05471
0.055671
0.054743
0.057374
0.057846
0.055699
0.055876
0.055908
0.056575
0.055381
0.053613
0.057762
0.059593
0.055146
0.057007
0.055767
0.055739
0.055808
0.061704
0.057453
0.056502
0.057499
0.055742
0.055842
0.058496
0.058124
0.064218
0.060498
0.055614
0.055502
0.055664
0.056161
0.054817
0.054056
0.05513
0.05495
0.055857
0.055856
0.056145
0.055641
0.0567
0.054103
0.058515
0.056267
0.055202
0.055233
0.054296
0.055346
0.057321
0.057541
0.05502
0.056999
0.055474
0.071116
0.058251
0.05424
0.054268
0.056022
0.056041
0.059151
0.056284
0.056039
0.056126
0.057847
0.058109
0.054151
0.053923
0.056035
0.058609
0.054584
0.055238
0.054661
0.055404
0.055527
0.054868
0.054583
0.055582
0.057361
0.055202
0.058937
0.056697
0.059447
0.059903
0.062634
0.056178
0.059177
0.056084
0.055946
0.058796
0.055328
0.055331
0.053257
0.063576
0.055986
0.055899
0.05652
0.059396
0.056771
0.054194
0.054708
0.05612
0.053196
0.051796
0.055908
0.056027
0.059549
0.055469
0.057581
0.056054
0.059999
0.055545
0.054695
0.058617
0.056074
0.056252
0.05665
0.055373
0.055415
0.061529
0.057102
0.056247
0.056335
0.0545
0.055765
0.058361
0.056094
0.056162
0.057021
0.056175
0.05608
0.055036
0.055092
0.058272
0.053003
0.05778
0.06246
0.060889
0.055738
0.058573
0.057972
0.054983
0.056664
0.056751
0.054612
0.057487
0.061183
0.056091
0.062162
0.055975
0.056526
0.056049
0.056679
0.055515
0.055436
0.055302
0.055325
0.055472
0.059936
0.053777
0.052605
0.05497
0.057628
0.05542
0.055146
0.053295
0.059996
0.059087
0.054339
0.056111
0.057873
0.058327
0.054097
0.055777
0.055162
0.055226
0.054576
0.05508
0.054012
0.055502
0.05966
0.055573
0.054881
0.05622
0.054048
0.056611
0.060289
0.059295
0.057951
0.05615
0.054736
0.055778
0.057683
0.055522
0.055607
0.057536
0.056379
0.056534
0.060071
0.055759
0.05586
0.057384
0.055219
0.055506
0.055943
0.05374
0.062041
0.054415
0.056041
0.054968
0.056242
0.055092
0.056762
0.057389
0.05451
0.056598
0.055753
0.056645
0.057942
0.056481
0.055173
0.053998
0.053724
0.0557
0.060319
0.052618
0.056286
0.055906
0.057735
0.055964
0.057371
0.055204
0.057368
0.056085
0.056101
0.058234
0.051804
0.05819
0.052961
0.055035
0.053691
0.054462
0.056271
0.055244
0.0559
0.057092
0.055253
0.055574
0.053883
0.054151
0.057018
0.053666
0.055026
0.058419
0.055591
0.05635
0.05491
0.053922
0.055395
0.055282
0.056521
0.055887
0.05394
0.055456
0.055487
0.057207
0.0572
0.058688
0.060743
0.061106
0.056307
0.056236
0.056697
0.056352
0.055377
0.056423
0.057634
0.054385
0.056773
0.056804
0.060374
0.056646
0.053861
0.053416
0.05421
0.055211
0.055018
0.052766
0.053976
0.054278
0.057196
0.055864
0.055405
0.057531
0.056834
0.059128
0.053451
0.055684
0.057282
0.057613
0.055733
0.054846
0.055254
0.055256
0.051916
0.055751
0.061554
0.05858
0.055335
0.058311
0.056777
0.058527
0.056126
0.057618
0.059055
0.057853
0.070224
0.056935
0.054214
0.056626
0.056724
0.056589
0.053487
0.055574
0.055396
0.055203
0.055651
0.054611
0.052764
0.054949
0.054042
0.055026
0.053106
0.055155
0.057094
0.058544
0.056443
0.057226
0.055525
0.057009
0.057173
0.056829
0.060817
0.054829
0.060756
0.054991
0.056273
0.056109
0.063964
0.056078
0.055827
0.05645
0.056524
0.055736
0.05343
0.058161
0.054444
0.05853
0.05857
0.054276
0.055899
0.053589
0.057564
0.054786
0.055168
0.05553
0.058117
0.058174
0.056012
0.055766
0.056181
0.058812
0.05527
0.058696
0.054959
0.055157
0.055664
0.056852
0.055929
0.055534
0.05651
0.054911
0.055243
0.057842
0.06055
0.055815
0.055741
0.058405
0.056525
0.056479
0.05365
0.056744
0.054897
0.053592
0.054262
0.054338
0.056369
0.056333
0.054966
0.056744
0.055936
0.056178
0.055792
0.051547
0.055185
0.053477
0.056
0.055808
0.055366
0.055107
0.054154
0.055642
0.055335
0.05452
0.054249
0.055983
0.056952
0.055915
0.058298
0.056573
0.056506
0.051827
0.055071
0.055165
0.055929
0.057132
0.055985
0.05488
0.055969
0.056394
0.055097
0.056283
0.056216
0.057319
0.054046
0.05297
0.053844
0.056226
0.058076
0.057038
0.054368
0.053878
0.057048
0.055756
0.05699
0.054072
0.056452
0.058329
0.05555
0.056743
0.054372
0.057439
0.05772
0.055259
0.056712
0.055212
0.057672
0.055319
0.058783
0.056176
0.053437
0.058536
0.056406
0.056655
0.053505
0.058457
0.058495
0.051575
0.055749
0.055589
0.053246
0.055349
0.055875
0.055916
0.055601
0.055666
0.061745
0.059005
0.067616
0.057189
0.055884
0.056619
0.057767
0.054894
0.057057
0.056346
0.055954
0.055089
0.056154
0.0578
0.057737
0.053826
0.059439
0.052884
0.055962
0.055523
0.055522
0.052555
0.055568
0.054011
0.060388
0.056537
0.059111
0.054826
0.060662
0.054775
0.056207
0.055355
0.056235
0.056514
0.05606
0.056228
0.055652
0.054862
0.055633
0.055398
0.057482
0.057462
0.055352
0.06079
0.055949
0.056319
0.060525
0.057787
0.057386
0.056028
0.055893
0.05784
0.053169
0.055816
0.0556
0.056189
0.05715
0.055159
0.060059
0.059639
0.058249
0.058258
0.056944
0.055797
0.056411
0.058129
0.055856
0.056831
0.056112
0.056156
0.055583
0.055162
0.055506
0.057057
0.055591
0.057144
0.059008
0.055155
0.057153
0.05389
0.055747
0.056392
0.058192
0.057208
0.05554
0.05474
0.054778
0.056048
0.056403
0.056316
0.057176
0.058325
0.05602
0.05511
0.060073
0.055253
0.054124
0.055437
0.055851
0.054523
0.055374
0.054211
0.060512
0.055968
0.057825
0.057284
0.058534
0.056575
0.065513
0.056005
0.05486
0.056444
0.056734
0.055994
0.05703
0.057341
0.054544
0.055326
0.058771
0.057258
0.053787
0.055501
0.053784
0.055543
0.055177
0.05644
0.056383
0.055729
0.053654
0.056629
0.059629
0.054939
0.056571
0.056797
0.057015
0.054537
0.057305
0.057319
0.058803
0.057738
0.057285
0.053678
0.065921
0.059985
0.055568
0.05869
0.065435
0.059098
0.062074
0.064122
0.055888
0.058746
0.052558
0.05465
0.059163
0.057807
0.054133
0.055391
0.055798
0.053189
0.054638
0.055017
0.055533
