0.077506
0.054484
0.05388
0.056816
0.061998
0.059075
0.05495
0.055951
0.055196
0.056669
0.058684
0.061976
0.056687
0.065754
0.060279
0.062472
0.055448
0.056319
0.053759
0.055265
0.052265
0.0554
0.054686
0.054356
0.05406
0.059698
0.057829
0.055622
0.056371
0.057638
0.057656
0.057348
0.058883
0.057447
0.054316
0.054825
0.05621
0.055283
0.056791
0.056502
0.054772
0.056923
0.055076
0.060218
0.057407
0.056271
0.056876
0.056241
0.053763
0.056515
0.054255
0.056026
0.063052
0.055016
0.061359
0.057771
0.0582
0.053246
0.060486
0.055916
0.058135
0.058777
0.053326
0.057698
0.054806
0.055283
0.060224
0.057132
0.057487
0.057051
0.056858
0.056446
0.057466
0.053521
0.054567
0.05395
0.055772
0.052846
0.055657
0.057505
0.053575
0.0571
0.052116
0.055851
0.055001
0.053967
0.054043
0.054192
0.055265
0.056188
0.055786
0.055822
0.056519
0.054261
0.055794
0.05671
0.058071
0.062309
0.055576
0.060179
0.057521
0.057887
0.058836
0.060793
0.058736
0.057845
0.056787
0.061203
0.056426
0.059915
0.057078
0.060155
0.056516
0.056529
0.054716
0.056874
0.056649
0.057314
0.057233
0.056302
0.05584
0.055606
0.058848
0.057653
0.05626
0.053285
0.055391
0.057501
0.056434
0.056637
0.056403
0.057381
0.056071
0.057961
0.054061
0.054717
0.061608
0.059785
0.053256
0.055187
0.054918
0.053669
0.053399
0.055853
0.056593
0.055473
0.056699
0.055791
0.057352
0.058885
0.061844
0.057961
0.057688
0.054063
0.054579
0.053895
0.054945
0.054905
0.056969
0.055451
0.063871
0.058508
0.057462
0.056234
0.05588
0.057435
0.058382
0.05893
0.056294
0.053498
0.054718
0.056627
0.056004
0.057534
0.060956
0.054159
0.054049
0.056315
0.056216
0.057578
0.056102
0.055856
0.056285
0.054315
0.056579
0.052579
0.056883
0.05668
0.064764
0.057163
0.056053
0.058072
0.062984
0.058042
0.056098
0.057223
0.059235
0.056552
0.054677
0.056665
0.058463
0.057485
0.055243
0.059489
0.061732
0.057301
0.056268
0.055252
0.055619
0.055283
0.057353
0.056304
0.0552
0.056459
0.059151
0.057929
0.053424
0.057867
0.057755
0.059094
0.053081
0.054522
0.056702
0.057663
0.054625
0.05465
0.055037
0.054736
0.057293
0.052522
0.056142
0.056285
0.054256
0.056491
0.056296
0.054557
0.055694
0.057219
0.056565
0.054105
0.056091
0.057148
0.056579
0.055418
0.057442
0.059394
0.059056
0.058777
0.059742
0.05484
0.056891
0.054781
0.053993
0.055424
0.056727
0.05694
0.057154
0.057395
0.056137
0.057106
0.057982
0.056188
0.055276
0.053398
0.053912
0.055199
0.054563
0.058248
0.056147
0.056821
0.056123
0.05756
0.060782
0.062151
0.058489
0.05604
0.056529
0.057288
0.060001
0.055263
0.054712
0.056124
0.057682
0.057181
0.05572
0.056576
0.054315
0.057338
0.05693
0.057346
0.055226
0.056283
0.056685
0.056417
0.057175
0.054714
0.055667
0.053191
0.05535
0.056526
0.056013
0.055621
0.053624
0.061147
0.055472
0.053992
0.055478
0.055114
0.055086
0.054763
0.060557
0.056325
0.059285
0.058049
0.059108
0.058718
0.060622
0.056377
0.060177
0.056216
0.055222
0.056018
0.056354
0.054381
0.059443
0.05649
0.055731
0.055654
0.061587
0.06017
0.055412
0.057288
0.059233
0.056698
0.0566
0.054964
0.054077
0.057258
0.0618
0.056604
0.059389
0.055942
0.055619
0.058358
0.057204
0.054499
0.053616
0.054244
0.055849
0.05365
0.056509
0.05367
0.056378
0.054764
0.053003
0.057386
0.05826
0.059299
0.056686
0.056913
0.053792
0.055913
0.05576
0.054407
0.05602
0.055673
0.053694
0.058038
0.058449
0.056794
0.056687
0.056858
0.056946
0.056396
0.058665
0.053798
0.056456
0.055387
0.056515
0.05845
0.05441
0.054075
0.053861
0.055859
0.053014
0.056396
0.056827
0.055502
0.05529
0.055201
0.057289
0.052305
0.057601
0.057016
0.056219
0.063054
0.056874
0.059539
0.056602
0.054705
0.056825
0.056481
0.05417
0.055145
0.057059
0.05774
0.059281
0.057278
0.054264
0.054857
0.057208
0.057495
0.057425
0.056621
0.05614
0.056242
0.056694
0.055662
0.057679
0.058925
0.05872
0.057326
0.059121
0.058432
0.056984
0.053523
0.055783
0.055098
0.054238
0.056571
0.056274
0.05673
0.055186
0.055928
0.05457
0.057373
0.056815
0.058826
0.059696
0.056169
0.051713
0.054497
0.058483
0.053888
0.055546
0.056488
0.052931
0.057951
0.057277
0.058154
0.060478
0.060451
0.058978
0.056321
0.057711
0.059582
0.056114
0.05402
0.055346
0.05472
0.065569
0.063922
0.054534
0.055007
0.05445
0.05838
0.056526
0.058255
0.054891
0.056615
0.054543
0.055132
0.055871
0.058107
0.059546
0.056008
0.055725
0.056681
0.053309
0.056566
0.055648
0.054634
0.056962
0.057251
0.057094
0.057228
0.055183
0.059465
0.056296
0.058632
0.060228
0.058213
0.061312
0.056161
0.053535
0.057165
0.057018
0.05644
0.057564
0.056526
0.055754
0.055958
0.060171
0.054331
0.059945
0.057556
0.057156
0.055718
0.056881
0.054444
0.054687
0.055132
0.057193
0.053987
0.057273
0.058081
0.055229
0.057934
0.054851
0.056126
0.053367
0.056131
0.055577
0.055629
0.054981
0.053783
0.055587
0.055542
0.062703
0.057669
0.056874
0.055927
0.056509
0.056159
0.054559
0.055329
0.056606
0.056676
0.056214
0.053629
0.055707
0.054644
0.056662
0.06367
0.059006
0.055982
0.056898
0.057612
0.055485
0.057204
0.054955
0.056764
0.056968
0.056529
0.055494
0.054644
0.057777
0.057676
0.058941
0.053984
0.061158
0.056432
0.055683
0.055038
0.054388
0.051619
0.054351
0.056321
0.058878
0.055721
0.059542
0.057222
0.061629
0.05639
0.058681
0.056652
0.058848
0.054508
0.054367
0.055755
0.052856
0.056181
0.056078
0.058262
0.05655
0.058341
0.057779
0.058157
0.058935
0.053826
0.056717
0.056494
0.056494
0.05444
0.054229
0.054643
0.055506
0.052989
0.054616
0.055709
0.053673
0.055395
0.055039
0.057163
0.05908
0.056946
0.057144
0.056133
0.055278
0.056225
0.055312
0.055751
0.058399
0.055488
0.056577
0.054029
0.05754
0.057842
0.055257
0.057068
0.054854
0.055636
0.055245
0.059111
0.057999
0.058921
0.057051
0.058481
0.060023
0.056807
0.052978
0.055055
0.057663
0.053902
0.054875
0.056351
0.053711
0.056314
0.05703
0.057703
0.056915
0.057455
0.058993
0.057433
0.057678
0.054871
0.053564
0.057957
0.054784
0.054063
0.055317
0.054271
0.055552
0.056856
0.05677
0.058105
0.056684
0.056996
0.057472
0.057245
0.057324
0.05679
0.054986
0.055767
0.056523
0.058039
0.053578
0.059454
0.055509
0.058575
0.056389
0.057906
0.057298
0.056985
0.055637
0.056753
0.055742
0.055607
0.056162
0.063585
0.057267
0.057723
0.058685
0.057061
0.059163
0.057048
0.055868
0.056462
0.056136
0.054607
0.056429
0.056566
0.057582
0.058326
0.060197
0.057113
0.057093
0.059158
0.055079
0.055335
0.055285
0.057285
0.054988
0.052346
0.055683
0.055666
0.056637
0.05724
0.058337
0.057542
0.056921
0.05541
0.054334
0.054273
0.05461
0.056079
0.055114
0.053766
0.055827
0.058558
0.053979
0.060706
0.052689
0.059481
0.056298
0.05572
0.05746
0.057431
0.057982
0.057846
0.056933
0.054972
0.054566
0.056225
0.058546
0.059039
0.055986
0.06194
0.057779
0.059989
0.055839
0.056367
0.055714
0.054495
0.055793
0.055662
0.055942
0.059071
0.058544
0.063064
0.054255
0.056384
0.057093
0.053547
0.053078
0.056637
0.054144
0.05508
0.055069
0.055138
0.055851
0.056512
0.055832
0.055673
0.05928
0.056285
0.057567
0.059146
0.057471
0.054156
0.055419
0.05754
0.056856
0.053745
0.05551
0.056482
0.056289
0.057066
0.056444
0.058765
0.054138
0.058293
0.056931
0.057159
0.055196
0.055906
0.055588
0.054316
0.055659
0.056644
0.051887
0.061892
0.063691
0.05316
0.054243
0.055271
0.054282
0.054292
0.055243
0.054655
0.055418
0.059267
0.055606
0.054871
0.061776
0.055978
0.056676
0.059972
0.054155
0.05249
0.054549
0.056416
0.054759
0.055314
0.056584
0.064109
0.053791
0.056644
0.056947
0.057414
0.054526
0.057563
0.058537
0.056238
0.054838
0.056807
0.056559
0.053958
0.057086
0.0557
0.056323
0.060419
0.056912
0.056385
0.055942
0.055257
0.056992
0.054525
0.052214
0.056008
0.056748
0.061469
0.056758
0.05751
0.058155
0.054485
0.054319
0.056108
0.056904
0.054457
0.053418
0.056
0.055798
0.055781
0.053831
0.058287
0.050383
0.059243
0.05378
0.055337
0.059316
0.057073
0.055466
0.054916
0.056888
0.056175
0.056177
0.05674
0.056212
0.058149
0.054298
0.067094
0.059534
0.057254
0.055283
0.056066
0.053723
0.056616
0.056265
0.055927
0.056851
0.057555
0.056405
0.059164
0.056689
0.061791
0.05511
0.054884
0.054631
0.056377
0.055361
0.055123
0.054686
0.05432
0.061171
0.056488
0.054579
0.056445
0.054593
0.055304
0.052775
0.056654
0.054756
0.055813
0.052578
0.053923
0.060396
0.062008
0.066575
0.052531
0.054131
0.057209
0.061317
0.058888
0.055541
0.055149
0.058545
0.052784
0.063492
0.05519
0.057427
