0.072342
0.065631
0.060794
0.055779
0.057126
0.05708
0.053196
0.054618
0.055833
0.055179
0.061332
0.054779
0.058548
0.053898
0.055599
0.055376
0.05363
0.055065
0.052931
0.054988
0.056578
0.05458
0.053594
0.062535
0.054005
0.056696
0.057244
0.053217
0.057799
0.051849
0.052916
0.053798
0.053607
0.053296
0.054348
0.056953
0.055295
0.055001
0.059413
0.054713
0.055908
0.056409
0.055759
0.055665
0.055206
0.05584
0.055376
0.056162
0.056201
0.056075
0.062859
0.055385
0.056762
0.057351
0.053347
0.053038
0.054792
0.05389
0.054529
0.054979
0.055097
0.059385
0.055784
0.05453
0.056153
0.055701
0.053175
0.055874
0.05549
0.055159
0.055255
0.056043
0.054076
0.055211
0.055299
0.060374
0.055411
0.056727
0.055341
0.059182
0.055704
0.05687
0.055252
0.055282
0.055269
0.055053
0.054494
0.055819
0.054788
0.05563
0.05333
0.057238
0.054793
0.055789
0.057302
0.056515
0.054152
0.054923
0.056285
0.055305
0.060248
0.057589
0.056191
0.055752
0.055055
0.054786
0.056056
0.0561
0.054492
0.054872
0.055557
0.054048
0.055491
0.055975
0.053831
0.053794
0.061159
0.058071
0.05504
0.056437
0.05639
0.052751
0.055675
0.053286
0.057357
0.055071
0.055467
0.053943
0.053133
0.054551
0.056311
0.05665
0.05636
0.055615
0.056247
0.05464
0.054166
0.05498
0.055031
0.053333
0.055327
0.055978
0.056748
0.053382
0.058197
0.054387
0.055178
0.053331
0.053527
0.054908
0.053119
0.054739
0.05219
0.052749
0.054407
0.054614
0.056018
0.066493
0.0534
0.071866
0.058437
0.056601
0.054099
0.055145
0.055781
0.054082
0.054341
0.053729
0.053167
0.053816
0.056914
0.058302
0.056073
0.056088
0.057257
0.052847
0.053611
0.059438
0.055783
0.053455
0.055583
0.055955
0.063014
0.052777
0.055501
0.05683
0.055518
0.073057
0.0566
0.058511
0.06141
0.054751
0.05324
0.056267
0.054006
0.051977
0.054492
0.053711
0.056611
0.055433
0.052647
0.053863
0.05508
0.057421
0.057669
0.054989
0.054528
0.056918
0.072147
0.053927
0.058321
0.054624
0.054899
0.050281
0.055111
0.051672
0.053481
0.053041
0.055408
0.057171
0.054093
0.056503
0.054352
0.05238
0.056633
0.056392
0.054451
0.054412
0.054419
0.053068
0.053874
0.054417
0.053539
0.054853
0.054352
0.056391
0.053314
0.056116
0.058309
0.05513
0.054651
0.054565
0.054569
0.056356
0.054351
0.054914
0.053966
0.054848
0.055064
0.054505
0.057282
0.053979
0.053814
0.055119
0.05437
0.057172
0.058176
0.058847
0.057057
0.05535
0.055783
0.054676
0.053806
0.054161
0.057167
0.056626
0.055093
0.056687
0.057068
0.056469
0.05801
0.057034
0.053688
0.055965
0.054994
0.053029
0.056151
0.055569
0.054289
0.054767
0.054688
0.055107
0.053184
0.055351
0.057113
0.055193
0.053757
0.056166
0.055227
0.056686
0.054994
0.055029
0.054788
0.057037
0.054234
0.055373
0.05544
0.053856
0.057267
0.055242
0.055507
0.055176
0.057141
0.05672
0.055275
0.057773
0.056158
0.053346
0.057749
0.053093
0.054394
0.054835
0.054328
0.055056
0.056013
0.055174
0.05709
0.054509
0.054506
0.058391
0.057303
0.056536
0.055882
0.05564
0.056528
0.054931
0.054091
0.056719
0.05491
0.05606
0.055223
0.052995
0.056326
0.055227
0.057573
0.053849
0.055562
0.051789
0.055404
0.052375
0.057482
0.055107
0.055186
0.062132
0.055492
0.053678
0.054479
0.055309
0.05434
0.055327
0.054607
0.055651
0.05351
0.054853
0.056483
0.055353
0.055467
0.055241
0.054846
0.056314
0.055988
0.05558
0.05866
0.054855
0.053313
0.053845
0.054907
0.056186
0.052348
0.054579
0.05588
0.056469
0.057719
0.055268
0.057468
0.055992
0.053639
0.060929
0.057082
0.057909
0.054882
0.055989
0.053754
0.05585
0.054919
0.055214
0.055181
0.057626
0.055761
0.056685
0.056437
0.052692
0.057536
0.055861
0.055579
0.053442
0.054993
0.055094
0.054083
0.054797
0.055146
0.055095
0.054432
0.054971
0.055931
0.055521
0.054725
0.052894
0.05947
0.056986
0.054001
0.055391
0.055204
0.054482
0.054926
0.054465
0.05478
0.053793
0.054957
0.055843
0.05525
0.054825
0.055338
0.053864
0.055565
0.05572
0.05501
0.054775
0.054674
0.054307
0.05278
0.054626
0.054166
0.05504
0.057358
0.054984
0.055115
0.055247
0.055343
0.058297
0.055917
0.054236
0.058746
0.055142
0.055875
0.054686
0.054053
0.053433
0.055287
0.054649
0.053033
0.055263
0.055869
0.054434
0.055629
0.055536
0.055694
0.056706
0.05462
0.057124
0.049903
0.056145
0.057031
0.054393
0.055342
0.055279
0.054512
0.056602
0.05519
0.056563
0.05356
0.055623
0.057796
0.056125
0.054629
0.05541
0.054249
0.053524
0.054985
0.054483
0.056398
0.054546
0.056836
0.054702
0.055253
0.057149
0.057146
0.056317
0.059105
0.056808
0.051554
0.053835
0.054193
0.062549
0.054391
0.05513
0.054322
0.056169
0.054415
0.054532
0.055401
0.055544
0.055271
0.055013
0.053564
0.055069
0.063577
0.059824
0.056932
0.055815
0.057459
0.055776
0.055874
0.054318
0.056713
0.054669
0.052977
0.055051
0.053556
0.055395
0.055138
0.056227
0.054541
0.054125
0.052532
0.052275
0.056512
0.0547
0.055026
0.05587
0.054122
0.051721
0.05344
0.055577
0.053449
0.054566
0.053429
0.053607
0.053577
0.054842
0.055113
0.054794
0.057773
0.053604
0.056502
0.05274
0.057877
0.054679
0.059499
0.055642
0.056005
0.055295
0.055387
0.05516
0.054871
0.055123
0.057369
0.05967
0.055353
0.058054
0.055659
0.056998
0.057359
0.059565
0.057325
0.055374
0.055198
0.055695
0.054815
0.055082
0.053774
0.058125
0.05477
0.054988
0.054873
0.053498
0.054762
0.055319
0.056658
0.054398
0.055084
0.055431
0.053302
0.056199
0.054068
0.055417
0.054024
0.054646
0.056669
0.055373
0.056699
0.056015
0.055897
0.055924
0.05906
0.052838
0.053128
0.057408
0.055245
0.054719
0.054813
0.053637
0.055254
0.056039
0.055073
0.054748
0.056783
0.056759
0.054827
0.058353
0.05462
0.056924
0.057694
0.055671
0.054313
0.055055
0.05515
0.056667
0.054979
0.0546
0.053548
0.054859
0.05368
0.057134
0.058909
0.055638
0.055478
0.052058
0.056572
0.05529
0.055463
0.055899
0.057479
0.055477
0.054207
0.056172
0.055633
0.05651
0.055162
0.055626
0.0544
0.056466
0.055615
0.054332
0.055414
0.054817
0.052309
0.055806
0.052873
0.055995
0.055644
0.055197
0.056712
0.055414
0.058114
0.054872
0.05764
0.05599
0.054557
0.052557
0.058317
0.055962
0.057589
0.055726
0.054573
0.055654
0.053754
0.055636
0.055874
0.052528
0.05506
0.054011
0.054897
0.06027
0.059583
0.057817
0.05602
0.055701
0.05476
0.055533
0.054578
0.055095
0.05498
0.055977
0.053935
0.055839
0.056756
0.056347
0.056264
0.055301
0.056437
0.054191
0.056639
0.057467
0.058976
0.054404
0.056576
0.054085
0.0571
0.05493
0.058303
0.054533
0.055288
0.055394
0.055251
0.05589
0.058258
0.058759
0.05294
0.055974
0.054968
0.056334
0.055453
0.054776
0.054826
0.054634
0.054794
0.055834
0.054641
0.056102
0.057192
0.056318
0.054565
0.054354
0.057166
0.054776
0.055171
0.054996
0.054962
0.054289
0.054597
0.055917
0.05508
0.053837
0.05235
0.060558
0.057472
0.05515
0.056862
0.054828
0.056033
0.052916
0.054643
0.055095
0.064228
0.054335
0.054593
0.055472
0.056119
0.055951
0.057291
0.053236
0.058655
0.055907
0.055498
0.055871
0.063851
0.058023
0.054001
0.055646
0.051988
0.056497
0.054566
0.055203
0.055986
0.056455
0.054727
0.05533
0.05816
0.055056
0.054304
0.056548
0.053849
0.060862
0.054788
0.053759
0.054291
0.054284
0.05623
0.05471
0.053849
0.056104
0.054887
0.058579
0.057384
0.059085
0.057459
0.055325
0.055106
0.054658
0.057528
0.057305
0.056977
0.053497
0.056245
0.055742
0.054557
0.056616
0.05546
0.055542
0.057306
0.05554
0.056362
0.054999
0.054518
0.054898
0.053536
0.055265
0.058535
0.054686
0.054794
0.055448
0.055614
0.055389
0.054957
0.055358
0.056792
0.055708
0.055317
0.055679
0.057469
0.058169
0.056713
0.055613
0.058714
0.055477
