0.08743
0.064163
0.064522
0.056324
0.055139
0.053935
0.056502
0.054743
0.05425
0.055289
0.056777
0.054166
0.056025
0.062341
0.05374
0.055004
0.056746
0.052419
0.053384
0.054621
0.056629
0.056883
0.05231
0.053057
0.053288
0.056857
0.061696
0.056257
0.053845
0.058015
0.054052
0.056941
0.059182
0.061945
0.060429
0.0517
0.05957
0.054069
0.060199
0.060228
0.053684
0.053618
0.061368
0.05421
0.056025
0.058649
0.056453
0.060551
0.054478
0.052519
0.054831
0.054188
0.057367
0.060542
0.057061
0.062177
0.051729
0.056528
0.059717
0.053672
0.05994
0.060258
0.052391
0.058007
0.058314
0.057145
0.055884
0.055557
0.054666
0.057449
0.053807
0.058384
0.0577
0.056148
0.057926
0.0607
0.059667
0.056627
0.060144
0.055159
0.058538
0.055532
0.058016
0.057926
0.055719
0.052759
0.05451
0.058374
0.053702
0.058288
0.056571
0.055331
0.053906
0.054878
0.054611
0.05888
0.054367
0.053449
0.059532
0.065877
0.052981
0.055303
0.056011
0.054844
0.051943
0.051447
0.057082
0.05631
0.056027
0.053266
0.053608
0.056064
0.057833
0.059375
0.052606
0.057553
0.054106
0.056009
0.05397
0.054947
0.054768
0.055472
0.06399
0.051668
0.063164
0.0544
0.054647
0.057559
0.057973
0.055884
0.056421
0.057483
0.057871
0.056554
0.054205
0.055069
0.055088
0.061959
0.052865
0.058895
0.054324
0.055249
0.060537
0.058742
0.053027
0.057221
0.055725
0.055523
0.055739
0.057893
0.055229
0.054745
0.054778
0.056357
0.05499
0.0539
0.062561
0.057501
0.060917
0.061046
0.057558
0.061766
0.058703
0.058186
0.054426
0.065178
0.054146
0.058019
0.053018
0.057969
0.060184
0.057098
0.057898
0.05508
0.064943
0.05965
0.056631
0.054904
0.062192
0.055912
0.065585
0.063683
0.057149
0.054714
0.055213
0.056786
0.053371
0.059117
0.05798
0.055791
0.053073
0.055518
0.05537
0.054993
0.062996
0.054474
0.055692
0.054871
0.054319
0.056319
0.052608
0.062281
0.055366
0.057837
0.05228
0.057442
0.057162
0.057665
0.056454
0.053497
0.05563
0.052413
0.05224
0.064039
0.061555
0.053788
0.052793
0.058502
0.059994
0.056834
0.058132
0.057777
0.052581
0.054279
0.058264
0.055502
0.057137
0.062346
0.053527
0.054587
0.055238
0.059048
0.055166
0.055175
0.05839
0.053417
0.05621
0.054802
0.054602
0.05652
0.059788
0.053612
0.052935
0.056999
0.05429
0.060284
0.052955
0.060354
0.055369
0.057685
0.055751
0.054543
0.054282
0.058994
0.059981
0.059705
0.054953
0.050205
0.054355
0.059239
0.057005
0.056709
0.060492
0.055386
0.054249
0.054333
0.052119
0.052273
0.054878
0.055801
0.055733
0.060028
0.057338
0.053104
0.059953
0.058359
0.056918
0.054913
0.060323
0.05976
0.056115
0.05366
0.056344
0.054693
0.054079
0.053456
0.057533
0.057071
0.056172
0.063502
0.059253
0.055378
0.054176
0.055797
0.061289
0.056743
0.059825
0.055974
0.056921
0.05655
0.057803
0.057703
0.055629
0.061095
0.053927
0.056495
0.06132
0.057725
0.058382
0.059497
0.053015
0.054225
0.058053
0.053931
0.058944
0.058392
0.056764
0.054519
0.052958
0.053249
0.060272
0.054178
0.055331
0.055625
0.066681
0.060426
0.053512
0.055219
0.054135
0.055097
0.053604
0.051238
0.054722
0.056255
0.056358
0.056597
0.054908
0.058026
0.055098
0.054441
0.054908
0.053087
0.053629
0.055625
0.06156
0.054698
0.054512
0.053238
0.057277
0.06072
0.057293
0.056816
0.053258
0.053016
0.054914
0.056483
0.056473
0.052065
0.059681
0.053191
0.056714
0.05291
0.052424
0.053222
0.051468
0.057259
0.059135
0.054176
0.053346
0.052596
0.051395
0.056178
0.059061
0.059703
0.060868
0.052173
0.058301
0.05553
0.060752
0.05214
0.060774
0.055722
0.052688
0.055502
0.055787
0.059415
0.0538
0.054413
0.056924
0.055255
0.054661
0.052697
0.055918
0.057215
0.052931
0.054958
0.056426
0.057698
0.056757
0.054559
0.058756
0.059082
0.05625
0.055685
0.058669
0.055325
0.054941
0.057574
0.05437
0.0582
0.05429
0.055602
0.054906
0.058516
0.056949
0.058056
0.057015
0.059846
0.057212
0.055176
0.058412
0.05741
0.052871
0.056985
0.059043
0.056893
0.056275
0.052172
0.057881
0.054789
0.05276
0.060151
0.060135
0.060388
0.05369
0.056065
0.057514
0.057198
0.054779
0.056307
0.055054
0.053368
0.052075
0.058274
0.054527
0.061664
0.055613
0.054061
0.059833
0.056067
0.055736
0.0537
0.057505
0.054612
0.060051
0.061091
0.057568
0.056837
0.057757
0.058569
0.057697
0.057055
0.056414
0.054904
0.055532
0.055964
0.056199
0.059717
0.055965
0.055341
0.06439
0.060069
0.053434
0.0629
0.05803
0.054516
0.057207
0.064715
0.055481
0.054572
0.059044
0.053406
0.056541
0.057723
0.053896
0.06067
0.058813
0.055939
0.056767
0.057269
0.053618
0.054409
0.059618
0.053967
0.056461
0.058907
0.056266
0.056146
0.058567
0.053222
0.056352
0.0555
0.05481
0.052944
0.052558
0.054202
0.051847
0.056333
0.062719
0.056175
0.053795
0.055343
0.061522
0.061658
0.052327
0.0632
0.052935
0.053278
0.053337
0.053651
0.056624
0.056177
0.054575
0.060104
0.05863
0.057311
0.057726
0.057494
0.057147
0.064009
0.055918
0.056445
0.05558
0.057307
0.056077
0.0621
0.055888
0.056157
0.061467
0.064183
0.054662
0.06043
0.055279
0.055209
0.055836
0.060849
0.054041
0.057031
0.056074
0.056111
0.054641
0.057065
0.053823
0.057162
0.055941
0.061805
0.05653
0.060587
0.059494
0.061295
0.061355
0.058887
0.055957
0.055639
0.056593
0.055419
0.053927
0.055636
0.056887
0.062
0.064434
0.055004
0.057993
0.057755
0.059678
0.055556
0.057299
0.053909
0.056344
0.053879
0.059072
0.055623
0.059882
0.059205
0.059249
0.052027
0.053359
0.054031
0.056637
0.065208
0.051487
0.065243
0.052273
0.055382
0.062219
0.053464
0.055615
0.056403
0.051802
0.053464
0.05226
0.053922
0.054124
0.058985
0.054195
0.052416
0.057749
0.055302
0.053
0.058915
0.057839
0.061529
0.05238
0.061859
0.059735
0.052965
0.051137
0.055286
0.05636
0.056982
0.054971
0.056111
0.05979
0.054971
0.055038
0.057511
0.057139
0.056371
0.061323
0.061024
0.057957
0.054923
0.058915
0.055059
0.052432
0.05815
0.055854
0.05627
0.061515
0.056641
0.065575
0.058002
0.055001
0.058715
0.059577
0.054093
0.059514
0.054631
0.053014
0.057191
0.057346
0.05591
0.055629
0.063986
0.055872
0.057965
0.05346
0.053316
0.057805
0.056666
0.059828
0.058694
0.054465
0.056704
0.059834
0.054153
0.053973
0.057129
0.054885
0.056574
0.05263
0.056356
0.05576
0.060101
0.059807
0.055205
0.05376
0.051392
0.055592
0.057355
0.05727
0.05463
0.055706
0.053977
0.056834
0.056069
0.057048
0.054531
0.055776
0.059757
0.060218
0.062196
0.051099
0.05633
0.052649
0.060991
0.057456
0.056644
0.05539
0.058337
0.056032
0.053846
0.057519
0.058515
0.0523
0.055938
0.0582
0.055537
0.055983
0.052674
0.056257
0.05328
0.052571
0.051733
0.057732
0.056678
0.056919
0.054516
0.056607
0.052936
0.058063
0.056649
0.060128
0.05915
0.05586
0.057588
0.052545
0.054962
0.053156
0.058084
0.060586
0.05437
0.053391
0.052008
0.053086
0.056508
0.052153
0.060219
0.055184
0.058745
0.05118
0.05976
0.053298
0.052359
0.053271
0.053394
0.058658
0.055781
0.054712
0.055027
0.054278
0.056345
0.050005
0.05875
0.055966
0.060881
0.054197
0.059806
0.05726
0.057533
0.056519
0.053768
0.0578
0.056145
0.056378
0.053099
0.056
0.053472
0.053285
0.063441
0.054958
0.057657
0.055424
0.053047
0.053266
0.054216
0.053376
0.059015
0.06122
0.058286
0.059392
0.052979
0.061728
0.054912
0.055795
0.055507
0.059874
0.059191
0.064298
0.053814
0.053724
0.053682
0.059095
0.054662
0.056843
0.057075
0.056931
0.058151
0.05271
0.056607
0.054017
0.056978
0.05828
0.05583
0.053405
0.057413
0.059359
0.055499
0.05655
0.058146
0.056286
0.060905
0.05439
0.056252
0.056404
0.05247
0.055748
0.057192
0.053973
0.066314
0.061926
0.055173
0.052863
0.054553
0.055849
0.05655
0.055144
0.056725
0.057826
0.050576
0.05399
0.058834
0.058376
0.053878
0.062472
0.053579
0.062194
0.059681
0.053118
0.055809
0.05928
0.055494
0.052712
0.062692
0.052042
0.058883
