0.399742
0.215052
0.190503
0.248363
0.197059
0.262775
0.225563
0.191967
0.260018
0.215146
0.195571
0.260934
0.226516
0.191155
0.267550
0.226980
0.199232
0.265701
0.236427
0.172261
0.267331
0.236684
0.170862
0.165730
0.251643
0.211336
0.283249
0.171132
0.216287
0.287426
0.254077
0.221588
0.295998
0.174677
0.227501
0.190419
0.262487
0.173705
0.200604
0.267007
0.169776
0.202382
0.192959
0.236183
0.201296
0.172891
0.238639
0.315701
0.288519
0.242737
0.326038
0.279344
0.245279
0.311658
0.373229
0.174811
0.203837
0.456733
0.274994
0.207913
0.173616
0.233459
0.303259
0.177141
0.228795
0.200130
0.263410
0.228058
0.176804
0.267009
0.234356
0.199333
0.210373
0.236840
0.303631
0.274991
0.237687
0.174955
0.176258
0.247092
0.210531
0.279127
0.250058
0.215900
0.282476
0.196406
0.182809
0.288484
0.258713
0.325628
0.290534
0.257288
0.329874
0.294599
0.260002
0.228748
0.213608
0.264549
0.232349
0.302600
0.270511
0.236165
0.215476
0.273095
0.227989
0.209083
0.237344
0.247632
0.209000
0.280786
0.188786
0.220457
0.286952
0.259938
0.221431
0.289351
0.261184
0.219992
0.279804
0.180920
0.227802
0.298517
0.366407
0.185767
0.301883
0.266200
0.230343
0.198639
0.181484
0.238702
0.313088
0.274180
0.238260
0.308990
0.279826
0.244388
0.213972
0.279893
0.184184
0.320560
0.199000
0.251631
0.216448
0.288257
0.221107
0.220248
0.186617
0.253706
0.221105
0.291013
0.259966
0.225078
0.194126
0.263783
0.186288
0.402668
0.230500
0.188612
0.299575
0.367690
0.213967
0.306916
0.273317
0.240755
0.311782
0.217945
0.246715
0.209527
0.278146
0.247675
0.315239
0.283882
0.248346
0.222177
0.286461
0.253422
0.227516
0.292657
0.189970
0.223033
0.395575
0.193216
0.189221
0.296651
0.263148
0.232551
0.188757
0.270215
0.336006
0.198874
0.271113
0.240106
0.213331
0.273447
0.196306
0.208310
0.277894
0.244900
0.212063
0.283266
0.187242
0.220027
0.283706
0.187367
0.222110
0.288832
0.258872
0.224222
0.291878
0.261240
0.228105
0.298034
0.264264
0.228569
0.189383
0.268781
0.238397
0.303016
0.228667
0.240945
0.311517
0.193039
0.243845
0.210681
0.279213
0.192555
0.226445
0.283293
0.250340
0.218668
0.286447
0.288976
0.221138
0.291678
0.257549
0.224416
0.295109
0.258149
0.232960
0.299185
0.267460
0.230897
0.301051
0.275992
0.233692
0.193545
0.273436
0.246372
0.307228
0.273772
0.241848
0.317275
0.236507
0.243878
0.209905
0.283341
0.252562
0.217551
0.490678
0.273517
0.200866
0.290218
0.243942
0.225195
0.293601
0.267060
0.223021
0.304795
0.261529
0.231096
0.301936
0.268600
0.235398
0.200788
0.274404
0.240170
0.308598
0.274356
0.241721
0.312185
0.280644
0.250001
0.202503
0.280777
0.253758
0.237249
0.287857
0.213816
0.221563
0.294524
0.261206
0.222008
0.293341
0.261114
0.228360
0.199726
0.266319
0.230836
0.299437
0.269335
0.234355
0.302905
0.228239
0.235282
0.201171
0.376812
0.200184
0.311176
0.204798
0.243139
0.317021
0.281564
0.251233
0.291578
0.203361
0.255240
0.222728
0.290709
0.252747
0.223010
0.273040
0.260006
0.226423
0.290842
0.203230
0.228891
0.299402
0.355688
0.206538
0.268446
0.204785
0.307173
0.271154
0.238465
0.309430
0.277572
0.241919
0.287814
0.377425
0.199080
0.198788
0.277309
0.246576
0.202854
0.281179
0.210369
0.201465
0.290029
0.251286
0.216426
0.287346
0.200181
0.221348
0.292105
0.259986
0.330358
0.296275
0.260048
0.200894
0.298296
0.267958
0.230615
0.284102
0.202352
0.237108
0.307224
0.204031
0.236650
0.307357
0.207138
0.239201
0.309794
0.206797
0.236346
0.313551
0.280247
0.349207
0.236853
0.285610
0.252451
0.323170
0.288536
0.260190
0.324613
0.297623
0.262391
0.224015
0.294299
0.251570
0.331135
0.297360
0.265722
0.344252
0.303077
0.270685
0.307724
0.305935
0.377623
0.236827
0.289242
0.274783
0.342362
0.204743
0.283919
0.353541
0.321713
0.290720
0.253490
0.326334
0.292213
0.246632
0.332896
0.243183
0.255158
0.329668
0.297062
0.262829
0.332517
0.300873
0.251409
0.339392
0.304965
0.270629
0.343311
0.213722
0.276271
0.346342
0.310073
0.282029
0.210512
0.217647
0.279891
0.247527
0.318432
0.286850
0.274024
0.319263
0.288528
0.355843
0.213288
0.210400
0.256750
0.328237
0.292220
0.260823
0.211347
0.302055
